552 680
2 64 64
1 32
2 1 31 63 128 XOR
2 1 31 63 129 AND
2 1 30 62 130 XOR
2 1 30 129 131 XOR
2 1 62 129 132 XOR
2 1 129 130 133 XOR
2 1 131 132 134 AND
2 1 129 134 135 XOR
2 1 29 61 136 XOR
2 1 29 135 137 XOR
2 1 61 135 138 XOR
2 1 135 136 139 XOR
2 1 137 138 140 AND
2 1 135 140 141 XOR
2 1 28 60 142 XOR
2 1 28 141 143 XOR
2 1 60 141 144 XOR
2 1 141 142 145 XOR
2 1 143 144 146 AND
2 1 141 146 147 XOR
2 1 27 59 148 XOR
2 1 27 147 149 XOR
2 1 59 147 150 XOR
2 1 147 148 151 XOR
2 1 149 150 152 AND
2 1 147 152 153 XOR
2 1 26 58 154 XOR
2 1 26 153 155 XOR
2 1 58 153 156 XOR
2 1 153 154 157 XOR
2 1 155 156 158 AND
2 1 153 158 159 XOR
2 1 25 57 160 XOR
2 1 25 159 161 XOR
2 1 57 159 162 XOR
2 1 159 160 163 XOR
2 1 161 162 164 AND
2 1 159 164 165 XOR
2 1 24 56 166 XOR
2 1 24 165 167 XOR
2 1 56 165 168 XOR
2 1 165 166 169 XOR
2 1 167 168 170 AND
2 1 165 170 171 XOR
2 1 23 55 172 XOR
2 1 23 171 173 XOR
2 1 55 171 174 XOR
2 1 171 172 175 XOR
2 1 173 174 176 AND
2 1 171 176 177 XOR
2 1 22 54 178 XOR
2 1 22 177 179 XOR
2 1 54 177 180 XOR
2 1 177 178 181 XOR
2 1 179 180 182 AND
2 1 177 182 183 XOR
2 1 21 53 184 XOR
2 1 21 183 185 XOR
2 1 53 183 186 XOR
2 1 183 184 187 XOR
2 1 185 186 188 AND
2 1 183 188 189 XOR
2 1 20 52 190 XOR
2 1 20 189 191 XOR
2 1 52 189 192 XOR
2 1 189 190 193 XOR
2 1 191 192 194 AND
2 1 189 194 195 XOR
2 1 19 51 196 XOR
2 1 19 195 197 XOR
2 1 51 195 198 XOR
2 1 195 196 199 XOR
2 1 197 198 200 AND
2 1 195 200 201 XOR
2 1 18 50 202 XOR
2 1 18 201 203 XOR
2 1 50 201 204 XOR
2 1 201 202 205 XOR
2 1 203 204 206 AND
2 1 201 206 207 XOR
2 1 17 49 208 XOR
2 1 17 207 209 XOR
2 1 49 207 210 XOR
2 1 207 208 211 XOR
2 1 209 210 212 AND
2 1 207 212 213 XOR
2 1 16 48 214 XOR
2 1 16 213 215 XOR
2 1 48 213 216 XOR
2 1 213 214 217 XOR
2 1 215 216 218 AND
2 1 213 218 219 XOR
2 1 15 47 220 XOR
2 1 15 219 221 XOR
2 1 47 219 222 XOR
2 1 219 220 223 XOR
2 1 221 222 224 AND
2 1 219 224 225 XOR
2 1 14 46 226 XOR
2 1 14 225 227 XOR
2 1 46 225 228 XOR
2 1 225 226 229 XOR
2 1 227 228 230 AND
2 1 225 230 231 XOR
2 1 13 45 232 XOR
2 1 13 231 233 XOR
2 1 45 231 234 XOR
2 1 231 232 235 XOR
2 1 233 234 236 AND
2 1 231 236 237 XOR
2 1 12 44 238 XOR
2 1 12 237 239 XOR
2 1 44 237 240 XOR
2 1 237 238 241 XOR
2 1 239 240 242 AND
2 1 237 242 243 XOR
2 1 11 43 244 XOR
2 1 11 243 245 XOR
2 1 43 243 246 XOR
2 1 243 244 247 XOR
2 1 245 246 248 AND
2 1 243 248 249 XOR
2 1 10 42 250 XOR
2 1 10 249 251 XOR
2 1 42 249 252 XOR
2 1 249 250 253 XOR
2 1 251 252 254 AND
2 1 249 254 255 XOR
2 1 9 41 256 XOR
2 1 9 255 257 XOR
2 1 41 255 258 XOR
2 1 255 256 259 XOR
2 1 257 258 260 AND
2 1 255 260 261 XOR
2 1 8 40 262 XOR
2 1 8 261 263 XOR
2 1 40 261 264 XOR
2 1 261 262 265 XOR
2 1 263 264 266 AND
2 1 261 266 267 XOR
2 1 7 39 268 XOR
2 1 7 267 269 XOR
2 1 39 267 270 XOR
2 1 267 268 271 XOR
2 1 269 270 272 AND
2 1 267 272 273 XOR
2 1 6 38 274 XOR
2 1 6 273 275 XOR
2 1 38 273 276 XOR
2 1 273 274 277 XOR
2 1 275 276 278 AND
2 1 273 278 279 XOR
2 1 5 37 280 XOR
2 1 5 279 281 XOR
2 1 37 279 282 XOR
2 1 279 280 283 XOR
2 1 281 282 284 AND
2 1 279 284 285 XOR
2 1 4 36 286 XOR
2 1 4 285 287 XOR
2 1 36 285 288 XOR
2 1 285 286 289 XOR
2 1 287 288 290 AND
2 1 285 290 291 XOR
2 1 3 35 292 XOR
2 1 3 291 293 XOR
2 1 35 291 294 XOR
2 1 291 292 295 XOR
2 1 293 294 296 AND
2 1 291 296 297 XOR
2 1 2 34 298 XOR
2 1 2 297 299 XOR
2 1 34 297 300 XOR
2 1 297 298 301 XOR
2 1 299 300 302 AND
2 1 297 302 303 XOR
2 1 1 33 304 XOR
2 1 1 303 305 XOR
2 1 33 303 306 XOR
2 1 303 304 307 XOR
2 1 305 306 308 AND
2 1 303 308 309 XOR
2 1 0 32 310 XOR
2 1 309 310 311 XOR
2 1 95 127 312 XOR
2 1 95 127 313 AND
2 1 94 126 314 XOR
2 1 94 313 315 XOR
2 1 126 313 316 XOR
2 1 313 314 317 XOR
2 1 315 316 318 AND
2 1 313 318 319 XOR
2 1 93 125 320 XOR
2 1 93 319 321 XOR
2 1 125 319 322 XOR
2 1 319 320 323 XOR
2 1 321 322 324 AND
2 1 319 324 325 XOR
2 1 92 124 326 XOR
2 1 92 325 327 XOR
2 1 124 325 328 XOR
2 1 325 326 329 XOR
2 1 327 328 330 AND
2 1 325 330 331 XOR
2 1 91 123 332 XOR
2 1 91 331 333 XOR
2 1 123 331 334 XOR
2 1 331 332 335 XOR
2 1 333 334 336 AND
2 1 331 336 337 XOR
2 1 90 122 338 XOR
2 1 90 337 339 XOR
2 1 122 337 340 XOR
2 1 337 338 341 XOR
2 1 339 340 342 AND
2 1 337 342 343 XOR
2 1 89 121 344 XOR
2 1 89 343 345 XOR
2 1 121 343 346 XOR
2 1 343 344 347 XOR
2 1 345 346 348 AND
2 1 343 348 349 XOR
2 1 88 120 350 XOR
2 1 88 349 351 XOR
2 1 120 349 352 XOR
2 1 349 350 353 XOR
2 1 351 352 354 AND
2 1 349 354 355 XOR
2 1 87 119 356 XOR
2 1 87 355 357 XOR
2 1 119 355 358 XOR
2 1 355 356 359 XOR
2 1 357 358 360 AND
2 1 355 360 361 XOR
2 1 86 118 362 XOR
2 1 86 361 363 XOR
2 1 118 361 364 XOR
2 1 361 362 365 XOR
2 1 363 364 366 AND
2 1 361 366 367 XOR
2 1 85 117 368 XOR
2 1 85 367 369 XOR
2 1 117 367 370 XOR
2 1 367 368 371 XOR
2 1 369 370 372 AND
2 1 367 372 373 XOR
2 1 84 116 374 XOR
2 1 84 373 375 XOR
2 1 116 373 376 XOR
2 1 373 374 377 XOR
2 1 375 376 378 AND
2 1 373 378 379 XOR
2 1 83 115 380 XOR
2 1 83 379 381 XOR
2 1 115 379 382 XOR
2 1 379 380 383 XOR
2 1 381 382 384 AND
2 1 379 384 385 XOR
2 1 82 114 386 XOR
2 1 82 385 387 XOR
2 1 114 385 388 XOR
2 1 385 386 389 XOR
2 1 387 388 390 AND
2 1 385 390 391 XOR
2 1 81 113 392 XOR
2 1 81 391 393 XOR
2 1 113 391 394 XOR
2 1 391 392 395 XOR
2 1 393 394 396 AND
2 1 391 396 397 XOR
2 1 80 112 398 XOR
2 1 80 397 399 XOR
2 1 112 397 400 XOR
2 1 397 398 401 XOR
2 1 399 400 402 AND
2 1 397 402 403 XOR
2 1 79 111 404 XOR
2 1 79 403 405 XOR
2 1 111 403 406 XOR
2 1 403 404 407 XOR
2 1 405 406 408 AND
2 1 403 408 409 XOR
2 1 78 110 410 XOR
2 1 78 409 411 XOR
2 1 110 409 412 XOR
2 1 409 410 413 XOR
2 1 411 412 414 AND
2 1 409 414 415 XOR
2 1 77 109 416 XOR
2 1 77 415 417 XOR
2 1 109 415 418 XOR
2 1 415 416 419 XOR
2 1 417 418 420 AND
2 1 415 420 421 XOR
2 1 76 108 422 XOR
2 1 76 421 423 XOR
2 1 108 421 424 XOR
2 1 421 422 425 XOR
2 1 423 424 426 AND
2 1 421 426 427 XOR
2 1 75 107 428 XOR
2 1 75 427 429 XOR
2 1 107 427 430 XOR
2 1 427 428 431 XOR
2 1 429 430 432 AND
2 1 427 432 433 XOR
2 1 74 106 434 XOR
2 1 74 433 435 XOR
2 1 106 433 436 XOR
2 1 433 434 437 XOR
2 1 435 436 438 AND
2 1 433 438 439 XOR
2 1 73 105 440 XOR
2 1 73 439 441 XOR
2 1 105 439 442 XOR
2 1 439 440 443 XOR
2 1 441 442 444 AND
2 1 439 444 445 XOR
2 1 72 104 446 XOR
2 1 72 445 447 XOR
2 1 104 445 448 XOR
2 1 445 446 449 XOR
2 1 447 448 450 AND
2 1 445 450 451 XOR
2 1 71 103 452 XOR
2 1 71 451 453 XOR
2 1 103 451 454 XOR
2 1 451 452 455 XOR
2 1 453 454 456 AND
2 1 451 456 457 XOR
2 1 70 102 458 XOR
2 1 70 457 459 XOR
2 1 102 457 460 XOR
2 1 457 458 461 XOR
2 1 459 460 462 AND
2 1 457 462 463 XOR
2 1 69 101 464 XOR
2 1 69 463 465 XOR
2 1 101 463 466 XOR
2 1 463 464 467 XOR
2 1 465 466 468 AND
2 1 463 468 469 XOR
2 1 68 100 470 XOR
2 1 68 469 471 XOR
2 1 100 469 472 XOR
2 1 469 470 473 XOR
2 1 471 472 474 AND
2 1 469 474 475 XOR
2 1 67 99 476 XOR
2 1 67 475 477 XOR
2 1 99 475 478 XOR
2 1 475 476 479 XOR
2 1 477 478 480 AND
2 1 475 480 481 XOR
2 1 66 98 482 XOR
2 1 66 481 483 XOR
2 1 98 481 484 XOR
2 1 481 482 485 XOR
2 1 483 484 486 AND
2 1 481 486 487 XOR
2 1 65 97 488 XOR
2 1 65 487 489 XOR
2 1 97 487 490 XOR
2 1 487 488 491 XOR
2 1 489 490 492 AND
2 1 487 492 493 XOR
2 1 64 96 494 XOR
2 1 493 494 495 XOR
2 1 128 312 496 AND
2 1 133 317 497 XOR
2 1 133 496 498 XOR
2 1 317 496 499 XOR
2 1 498 499 500 AND
2 1 496 500 501 XOR
2 1 139 323 502 XOR
2 1 139 501 503 XOR
2 1 323 501 504 XOR
2 1 503 504 505 AND
2 1 501 505 506 XOR
2 1 145 329 507 XOR
2 1 145 506 508 XOR
2 1 329 506 509 XOR
2 1 508 509 510 AND
2 1 506 510 511 XOR
2 1 151 335 512 XOR
2 1 151 511 513 XOR
2 1 335 511 514 XOR
2 1 513 514 515 AND
2 1 511 515 516 XOR
2 1 157 341 517 XOR
2 1 157 516 518 XOR
2 1 341 516 519 XOR
2 1 518 519 520 AND
2 1 516 520 521 XOR
2 1 163 347 522 XOR
2 1 163 521 523 XOR
2 1 347 521 524 XOR
2 1 523 524 525 AND
2 1 521 525 526 XOR
2 1 169 353 527 XOR
2 1 169 526 528 XOR
2 1 353 526 529 XOR
2 1 528 529 530 AND
2 1 526 530 531 XOR
2 1 175 359 532 XOR
2 1 175 531 533 XOR
2 1 359 531 534 XOR
2 1 533 534 535 AND
2 1 531 535 536 XOR
2 1 181 365 537 XOR
2 1 181 536 538 XOR
2 1 365 536 539 XOR
2 1 538 539 540 AND
2 1 536 540 541 XOR
2 1 187 371 542 XOR
2 1 187 541 543 XOR
2 1 371 541 544 XOR
2 1 543 544 545 AND
2 1 541 545 546 XOR
2 1 193 377 547 XOR
2 1 193 546 548 XOR
2 1 377 546 549 XOR
2 1 548 549 550 AND
2 1 546 550 551 XOR
2 1 199 383 552 XOR
2 1 199 551 553 XOR
2 1 383 551 554 XOR
2 1 553 554 555 AND
2 1 551 555 556 XOR
2 1 205 389 557 XOR
2 1 205 556 558 XOR
2 1 389 556 559 XOR
2 1 558 559 560 AND
2 1 556 560 561 XOR
2 1 211 395 562 XOR
2 1 211 561 563 XOR
2 1 395 561 564 XOR
2 1 563 564 565 AND
2 1 561 565 566 XOR
2 1 217 401 567 XOR
2 1 217 566 568 XOR
2 1 401 566 569 XOR
2 1 568 569 570 AND
2 1 566 570 571 XOR
2 1 223 407 572 XOR
2 1 223 571 573 XOR
2 1 407 571 574 XOR
2 1 573 574 575 AND
2 1 571 575 576 XOR
2 1 229 413 577 XOR
2 1 229 576 578 XOR
2 1 413 576 579 XOR
2 1 578 579 580 AND
2 1 576 580 581 XOR
2 1 235 419 582 XOR
2 1 235 581 583 XOR
2 1 419 581 584 XOR
2 1 583 584 585 AND
2 1 581 585 586 XOR
2 1 241 425 587 XOR
2 1 241 586 588 XOR
2 1 425 586 589 XOR
2 1 588 589 590 AND
2 1 586 590 591 XOR
2 1 247 431 592 XOR
2 1 247 591 593 XOR
2 1 431 591 594 XOR
2 1 593 594 595 AND
2 1 591 595 596 XOR
2 1 253 437 597 XOR
2 1 253 596 598 XOR
2 1 437 596 599 XOR
2 1 598 599 600 AND
2 1 596 600 601 XOR
2 1 259 443 602 XOR
2 1 259 601 603 XOR
2 1 443 601 604 XOR
2 1 603 604 605 AND
2 1 601 605 606 XOR
2 1 265 449 607 XOR
2 1 265 606 608 XOR
2 1 449 606 609 XOR
2 1 608 609 610 AND
2 1 606 610 611 XOR
2 1 271 455 612 XOR
2 1 271 611 613 XOR
2 1 455 611 614 XOR
2 1 613 614 615 AND
2 1 611 615 616 XOR
2 1 277 461 617 XOR
2 1 277 616 618 XOR
2 1 461 616 619 XOR
2 1 618 619 620 AND
2 1 616 620 621 XOR
2 1 283 467 622 XOR
2 1 283 621 623 XOR
2 1 467 621 624 XOR
2 1 623 624 625 AND
2 1 621 625 626 XOR
2 1 289 473 627 XOR
2 1 289 626 628 XOR
2 1 473 626 629 XOR
2 1 628 629 630 AND
2 1 626 630 631 XOR
2 1 295 479 632 XOR
2 1 295 631 633 XOR
2 1 479 631 634 XOR
2 1 633 634 635 AND
2 1 631 635 636 XOR
2 1 301 485 637 XOR
2 1 301 636 638 XOR
2 1 485 636 639 XOR
2 1 638 639 640 AND
2 1 636 640 641 XOR
2 1 307 491 642 XOR
2 1 307 641 643 XOR
2 1 491 641 644 XOR
2 1 643 644 645 AND
2 1 641 645 646 XOR
2 1 311 495 647 XOR
2 1 646 647 648 XOR
2 1 641 642 649 XOR
2 1 636 637 650 XOR
2 1 631 632 651 XOR
2 1 626 627 652 XOR
2 1 621 622 653 XOR
2 1 616 617 654 XOR
2 1 611 612 655 XOR
2 1 606 607 656 XOR
2 1 601 602 657 XOR
2 1 596 597 658 XOR
2 1 591 592 659 XOR
2 1 586 587 660 XOR
2 1 581 582 661 XOR
2 1 576 577 662 XOR
2 1 571 572 663 XOR
2 1 566 567 664 XOR
2 1 561 562 665 XOR
2 1 556 557 666 XOR
2 1 551 552 667 XOR
2 1 546 547 668 XOR
2 1 541 542 669 XOR
2 1 536 537 670 XOR
2 1 531 532 671 XOR
2 1 526 527 672 XOR
2 1 521 522 673 XOR
2 1 516 517 674 XOR
2 1 511 512 675 XOR
2 1 506 507 676 XOR
2 1 501 502 677 XOR
2 1 496 497 678 XOR
2 1 128 312 679 XOR