2824 2888
2 32 32
1 32
2 1 0 63 64 AND
2 1 1 63 65 AND
2 1 2 63 66 AND
2 1 3 63 67 AND
2 1 4 63 68 AND
2 1 5 63 69 AND
2 1 6 63 70 AND
2 1 7 63 71 AND
2 1 8 63 72 AND
2 1 9 63 73 AND
2 1 10 63 74 AND
2 1 11 63 75 AND
2 1 12 63 76 AND
2 1 13 63 77 AND
2 1 14 63 78 AND
2 1 15 63 79 AND
2 1 16 63 80 AND
2 1 17 63 81 AND
2 1 18 63 82 AND
2 1 19 63 83 AND
2 1 20 63 84 AND
2 1 21 63 85 AND
2 1 22 63 86 AND
2 1 23 63 87 AND
2 1 24 63 88 AND
2 1 25 63 89 AND
2 1 26 63 90 AND
2 1 27 63 91 AND
2 1 28 63 92 AND
2 1 29 63 93 AND
2 1 30 63 94 AND
2 1 1 62 95 AND
2 1 2 62 96 AND
2 1 3 62 97 AND
2 1 4 62 98 AND
2 1 5 62 99 AND
2 1 6 62 100 AND
2 1 7 62 101 AND
2 1 8 62 102 AND
2 1 9 62 103 AND
2 1 10 62 104 AND
2 1 11 62 105 AND
2 1 12 62 106 AND
2 1 13 62 107 AND
2 1 14 62 108 AND
2 1 15 62 109 AND
2 1 16 62 110 AND
2 1 17 62 111 AND
2 1 18 62 112 AND
2 1 19 62 113 AND
2 1 20 62 114 AND
2 1 21 62 115 AND
2 1 22 62 116 AND
2 1 23 62 117 AND
2 1 24 62 118 AND
2 1 25 62 119 AND
2 1 26 62 120 AND
2 1 27 62 121 AND
2 1 28 62 122 AND
2 1 29 62 123 AND
2 1 30 62 124 AND
2 1 31 62 125 AND
2 1 2 61 126 AND
2 1 3 61 127 AND
2 1 4 61 128 AND
2 1 5 61 129 AND
2 1 6 61 130 AND
2 1 7 61 131 AND
2 1 8 61 132 AND
2 1 9 61 133 AND
2 1 10 61 134 AND
2 1 11 61 135 AND
2 1 12 61 136 AND
2 1 13 61 137 AND
2 1 14 61 138 AND
2 1 15 61 139 AND
2 1 16 61 140 AND
2 1 17 61 141 AND
2 1 18 61 142 AND
2 1 19 61 143 AND
2 1 20 61 144 AND
2 1 21 61 145 AND
2 1 22 61 146 AND
2 1 23 61 147 AND
2 1 24 61 148 AND
2 1 25 61 149 AND
2 1 26 61 150 AND
2 1 27 61 151 AND
2 1 28 61 152 AND
2 1 29 61 153 AND
2 1 30 61 154 AND
2 1 31 61 155 AND
2 1 3 60 156 AND
2 1 4 60 157 AND
2 1 5 60 158 AND
2 1 6 60 159 AND
2 1 7 60 160 AND
2 1 8 60 161 AND
2 1 9 60 162 AND
2 1 10 60 163 AND
2 1 11 60 164 AND
2 1 12 60 165 AND
2 1 13 60 166 AND
2 1 14 60 167 AND
2 1 15 60 168 AND
2 1 16 60 169 AND
2 1 17 60 170 AND
2 1 18 60 171 AND
2 1 19 60 172 AND
2 1 20 60 173 AND
2 1 21 60 174 AND
2 1 22 60 175 AND
2 1 23 60 176 AND
2 1 24 60 177 AND
2 1 25 60 178 AND
2 1 26 60 179 AND
2 1 27 60 180 AND
2 1 28 60 181 AND
2 1 29 60 182 AND
2 1 30 60 183 AND
2 1 31 60 184 AND
2 1 4 59 185 AND
2 1 5 59 186 AND
2 1 6 59 187 AND
2 1 7 59 188 AND
2 1 8 59 189 AND
2 1 9 59 190 AND
2 1 10 59 191 AND
2 1 11 59 192 AND
2 1 12 59 193 AND
2 1 13 59 194 AND
2 1 14 59 195 AND
2 1 15 59 196 AND
2 1 16 59 197 AND
2 1 17 59 198 AND
2 1 18 59 199 AND
2 1 19 59 200 AND
2 1 20 59 201 AND
2 1 21 59 202 AND
2 1 22 59 203 AND
2 1 23 59 204 AND
2 1 24 59 205 AND
2 1 25 59 206 AND
2 1 26 59 207 AND
2 1 27 59 208 AND
2 1 28 59 209 AND
2 1 29 59 210 AND
2 1 30 59 211 AND
2 1 31 59 212 AND
2 1 5 58 213 AND
2 1 6 58 214 AND
2 1 7 58 215 AND
2 1 8 58 216 AND
2 1 9 58 217 AND
2 1 10 58 218 AND
2 1 11 58 219 AND
2 1 12 58 220 AND
2 1 13 58 221 AND
2 1 14 58 222 AND
2 1 15 58 223 AND
2 1 16 58 224 AND
2 1 17 58 225 AND
2 1 18 58 226 AND
2 1 19 58 227 AND
2 1 20 58 228 AND
2 1 21 58 229 AND
2 1 22 58 230 AND
2 1 23 58 231 AND
2 1 24 58 232 AND
2 1 25 58 233 AND
2 1 26 58 234 AND
2 1 27 58 235 AND
2 1 28 58 236 AND
2 1 29 58 237 AND
2 1 30 58 238 AND
2 1 31 58 239 AND
2 1 6 57 240 AND
2 1 7 57 241 AND
2 1 8 57 242 AND
2 1 9 57 243 AND
2 1 10 57 244 AND
2 1 11 57 245 AND
2 1 12 57 246 AND
2 1 13 57 247 AND
2 1 14 57 248 AND
2 1 15 57 249 AND
2 1 16 57 250 AND
2 1 17 57 251 AND
2 1 18 57 252 AND
2 1 19 57 253 AND
2 1 20 57 254 AND
2 1 21 57 255 AND
2 1 22 57 256 AND
2 1 23 57 257 AND
2 1 24 57 258 AND
2 1 25 57 259 AND
2 1 26 57 260 AND
2 1 27 57 261 AND
2 1 28 57 262 AND
2 1 29 57 263 AND
2 1 30 57 264 AND
2 1 31 57 265 AND
2 1 7 56 266 AND
2 1 8 56 267 AND
2 1 9 56 268 AND
2 1 10 56 269 AND
2 1 11 56 270 AND
2 1 12 56 271 AND
2 1 13 56 272 AND
2 1 14 56 273 AND
2 1 15 56 274 AND
2 1 16 56 275 AND
2 1 17 56 276 AND
2 1 18 56 277 AND
2 1 19 56 278 AND
2 1 20 56 279 AND
2 1 21 56 280 AND
2 1 22 56 281 AND
2 1 23 56 282 AND
2 1 24 56 283 AND
2 1 25 56 284 AND
2 1 26 56 285 AND
2 1 27 56 286 AND
2 1 28 56 287 AND
2 1 29 56 288 AND
2 1 30 56 289 AND
2 1 31 56 290 AND
2 1 8 55 291 AND
2 1 9 55 292 AND
2 1 10 55 293 AND
2 1 11 55 294 AND
2 1 12 55 295 AND
2 1 13 55 296 AND
2 1 14 55 297 AND
2 1 15 55 298 AND
2 1 16 55 299 AND
2 1 17 55 300 AND
2 1 18 55 301 AND
2 1 19 55 302 AND
2 1 20 55 303 AND
2 1 21 55 304 AND
2 1 22 55 305 AND
2 1 23 55 306 AND
2 1 24 55 307 AND
2 1 25 55 308 AND
2 1 26 55 309 AND
2 1 27 55 310 AND
2 1 28 55 311 AND
2 1 29 55 312 AND
2 1 30 55 313 AND
2 1 31 55 314 AND
2 1 9 54 315 AND
2 1 10 54 316 AND
2 1 11 54 317 AND
2 1 12 54 318 AND
2 1 13 54 319 AND
2 1 14 54 320 AND
2 1 15 54 321 AND
2 1 16 54 322 AND
2 1 17 54 323 AND
2 1 18 54 324 AND
2 1 19 54 325 AND
2 1 20 54 326 AND
2 1 21 54 327 AND
2 1 22 54 328 AND
2 1 23 54 329 AND
2 1 24 54 330 AND
2 1 25 54 331 AND
2 1 26 54 332 AND
2 1 27 54 333 AND
2 1 28 54 334 AND
2 1 29 54 335 AND
2 1 30 54 336 AND
2 1 31 54 337 AND
2 1 10 53 338 AND
2 1 11 53 339 AND
2 1 12 53 340 AND
2 1 13 53 341 AND
2 1 14 53 342 AND
2 1 15 53 343 AND
2 1 16 53 344 AND
2 1 17 53 345 AND
2 1 18 53 346 AND
2 1 19 53 347 AND
2 1 20 53 348 AND
2 1 21 53 349 AND
2 1 22 53 350 AND
2 1 23 53 351 AND
2 1 24 53 352 AND
2 1 25 53 353 AND
2 1 26 53 354 AND
2 1 27 53 355 AND
2 1 28 53 356 AND
2 1 29 53 357 AND
2 1 30 53 358 AND
2 1 31 53 359 AND
2 1 11 52 360 AND
2 1 12 52 361 AND
2 1 13 52 362 AND
2 1 14 52 363 AND
2 1 15 52 364 AND
2 1 16 52 365 AND
2 1 17 52 366 AND
2 1 18 52 367 AND
2 1 19 52 368 AND
2 1 20 52 369 AND
2 1 21 52 370 AND
2 1 22 52 371 AND
2 1 23 52 372 AND
2 1 24 52 373 AND
2 1 25 52 374 AND
2 1 26 52 375 AND
2 1 27 52 376 AND
2 1 28 52 377 AND
2 1 29 52 378 AND
2 1 30 52 379 AND
2 1 31 52 380 AND
2 1 12 51 381 AND
2 1 13 51 382 AND
2 1 14 51 383 AND
2 1 15 51 384 AND
2 1 16 51 385 AND
2 1 17 51 386 AND
2 1 18 51 387 AND
2 1 19 51 388 AND
2 1 20 51 389 AND
2 1 21 51 390 AND
2 1 22 51 391 AND
2 1 23 51 392 AND
2 1 24 51 393 AND
2 1 25 51 394 AND
2 1 26 51 395 AND
2 1 27 51 396 AND
2 1 28 51 397 AND
2 1 29 51 398 AND
2 1 30 51 399 AND
2 1 31 51 400 AND
2 1 13 50 401 AND
2 1 14 50 402 AND
2 1 15 50 403 AND
2 1 16 50 404 AND
2 1 17 50 405 AND
2 1 18 50 406 AND
2 1 19 50 407 AND
2 1 20 50 408 AND
2 1 21 50 409 AND
2 1 22 50 410 AND
2 1 23 50 411 AND
2 1 24 50 412 AND
2 1 25 50 413 AND
2 1 26 50 414 AND
2 1 27 50 415 AND
2 1 28 50 416 AND
2 1 29 50 417 AND
2 1 30 50 418 AND
2 1 31 50 419 AND
2 1 14 49 420 AND
2 1 15 49 421 AND
2 1 16 49 422 AND
2 1 17 49 423 AND
2 1 18 49 424 AND
2 1 19 49 425 AND
2 1 20 49 426 AND
2 1 21 49 427 AND
2 1 22 49 428 AND
2 1 23 49 429 AND
2 1 24 49 430 AND
2 1 25 49 431 AND
2 1 26 49 432 AND
2 1 27 49 433 AND
2 1 28 49 434 AND
2 1 29 49 435 AND
2 1 30 49 436 AND
2 1 31 49 437 AND
2 1 15 48 438 AND
2 1 16 48 439 AND
2 1 17 48 440 AND
2 1 18 48 441 AND
2 1 19 48 442 AND
2 1 20 48 443 AND
2 1 21 48 444 AND
2 1 22 48 445 AND
2 1 23 48 446 AND
2 1 24 48 447 AND
2 1 25 48 448 AND
2 1 26 48 449 AND
2 1 27 48 450 AND
2 1 28 48 451 AND
2 1 29 48 452 AND
2 1 30 48 453 AND
2 1 31 48 454 AND
2 1 16 47 455 AND
2 1 17 47 456 AND
2 1 18 47 457 AND
2 1 19 47 458 AND
2 1 20 47 459 AND
2 1 21 47 460 AND
2 1 22 47 461 AND
2 1 23 47 462 AND
2 1 24 47 463 AND
2 1 25 47 464 AND
2 1 26 47 465 AND
2 1 27 47 466 AND
2 1 28 47 467 AND
2 1 29 47 468 AND
2 1 30 47 469 AND
2 1 31 47 470 AND
2 1 17 46 471 AND
2 1 18 46 472 AND
2 1 19 46 473 AND
2 1 20 46 474 AND
2 1 21 46 475 AND
2 1 22 46 476 AND
2 1 23 46 477 AND
2 1 24 46 478 AND
2 1 25 46 479 AND
2 1 26 46 480 AND
2 1 27 46 481 AND
2 1 28 46 482 AND
2 1 29 46 483 AND
2 1 30 46 484 AND
2 1 31 46 485 AND
2 1 18 45 486 AND
2 1 19 45 487 AND
2 1 20 45 488 AND
2 1 21 45 489 AND
2 1 22 45 490 AND
2 1 23 45 491 AND
2 1 24 45 492 AND
2 1 25 45 493 AND
2 1 26 45 494 AND
2 1 27 45 495 AND
2 1 28 45 496 AND
2 1 29 45 497 AND
2 1 30 45 498 AND
2 1 31 45 499 AND
2 1 19 44 500 AND
2 1 20 44 501 AND
2 1 21 44 502 AND
2 1 22 44 503 AND
2 1 23 44 504 AND
2 1 24 44 505 AND
2 1 25 44 506 AND
2 1 26 44 507 AND
2 1 27 44 508 AND
2 1 28 44 509 AND
2 1 29 44 510 AND
2 1 30 44 511 AND
2 1 31 44 512 AND
2 1 20 43 513 AND
2 1 21 43 514 AND
2 1 22 43 515 AND
2 1 23 43 516 AND
2 1 24 43 517 AND
2 1 25 43 518 AND
2 1 26 43 519 AND
2 1 27 43 520 AND
2 1 28 43 521 AND
2 1 29 43 522 AND
2 1 30 43 523 AND
2 1 31 43 524 AND
2 1 21 42 525 AND
2 1 22 42 526 AND
2 1 23 42 527 AND
2 1 24 42 528 AND
2 1 25 42 529 AND
2 1 26 42 530 AND
2 1 27 42 531 AND
2 1 28 42 532 AND
2 1 29 42 533 AND
2 1 30 42 534 AND
2 1 31 42 535 AND
2 1 22 41 536 AND
2 1 23 41 537 AND
2 1 24 41 538 AND
2 1 25 41 539 AND
2 1 26 41 540 AND
2 1 27 41 541 AND
2 1 28 41 542 AND
2 1 29 41 543 AND
2 1 30 41 544 AND
2 1 31 41 545 AND
2 1 23 40 546 AND
2 1 24 40 547 AND
2 1 25 40 548 AND
2 1 26 40 549 AND
2 1 27 40 550 AND
2 1 28 40 551 AND
2 1 29 40 552 AND
2 1 30 40 553 AND
2 1 31 40 554 AND
2 1 24 39 555 AND
2 1 25 39 556 AND
2 1 26 39 557 AND
2 1 27 39 558 AND
2 1 28 39 559 AND
2 1 29 39 560 AND
2 1 30 39 561 AND
2 1 31 39 562 AND
2 1 25 38 563 AND
2 1 26 38 564 AND
2 1 27 38 565 AND
2 1 28 38 566 AND
2 1 29 38 567 AND
2 1 30 38 568 AND
2 1 31 38 569 AND
2 1 26 37 570 AND
2 1 27 37 571 AND
2 1 28 37 572 AND
2 1 29 37 573 AND
2 1 30 37 574 AND
2 1 31 37 575 AND
2 1 27 36 576 AND
2 1 28 36 577 AND
2 1 29 36 578 AND
2 1 30 36 579 AND
2 1 31 36 580 AND
2 1 28 35 581 AND
2 1 29 35 582 AND
2 1 30 35 583 AND
2 1 31 35 584 AND
2 1 29 34 585 AND
2 1 30 34 586 AND
2 1 31 34 587 AND
2 1 30 33 588 AND
2 1 31 33 589 AND
2 1 31 32 590 AND
2 1 94 125 591 AND
2 1 93 124 592 XOR
2 1 592 591 593 XOR
2 1 93 124 594 AND
2 1 592 591 595 AND
2 1 594 595 596 LOR
2 1 92 123 597 XOR
2 1 597 596 598 XOR
2 1 92 123 599 AND
2 1 597 596 600 AND
2 1 599 600 601 LOR
2 1 91 122 602 XOR
2 1 602 601 603 XOR
2 1 91 122 604 AND
2 1 602 601 605 AND
2 1 604 605 606 LOR
2 1 90 121 607 XOR
2 1 607 606 608 XOR
2 1 90 121 609 AND
2 1 607 606 610 AND
2 1 609 610 611 LOR
2 1 89 120 612 XOR
2 1 612 611 613 XOR
2 1 89 120 614 AND
2 1 612 611 615 AND
2 1 614 615 616 LOR
2 1 88 119 617 XOR
2 1 617 616 618 XOR
2 1 88 119 619 AND
2 1 617 616 620 AND
2 1 619 620 621 LOR
2 1 87 118 622 XOR
2 1 622 621 623 XOR
2 1 87 118 624 AND
2 1 622 621 625 AND
2 1 624 625 626 LOR
2 1 86 117 627 XOR
2 1 627 626 628 XOR
2 1 86 117 629 AND
2 1 627 626 630 AND
2 1 629 630 631 LOR
2 1 85 116 632 XOR
2 1 632 631 633 XOR
2 1 85 116 634 AND
2 1 632 631 635 AND
2 1 634 635 636 LOR
2 1 84 115 637 XOR
2 1 637 636 638 XOR
2 1 84 115 639 AND
2 1 637 636 640 AND
2 1 639 640 641 LOR
2 1 83 114 642 XOR
2 1 642 641 643 XOR
2 1 83 114 644 AND
2 1 642 641 645 AND
2 1 644 645 646 LOR
2 1 82 113 647 XOR
2 1 647 646 648 XOR
2 1 82 113 649 AND
2 1 647 646 650 AND
2 1 649 650 651 LOR
2 1 81 112 652 XOR
2 1 652 651 653 XOR
2 1 81 112 654 AND
2 1 652 651 655 AND
2 1 654 655 656 LOR
2 1 80 111 657 XOR
2 1 657 656 658 XOR
2 1 80 111 659 AND
2 1 657 656 660 AND
2 1 659 660 661 LOR
2 1 79 110 662 XOR
2 1 662 661 663 XOR
2 1 79 110 664 AND
2 1 662 661 665 AND
2 1 664 665 666 LOR
2 1 78 109 667 XOR
2 1 667 666 668 XOR
2 1 78 109 669 AND
2 1 667 666 670 AND
2 1 669 670 671 LOR
2 1 77 108 672 XOR
2 1 672 671 673 XOR
2 1 77 108 674 AND
2 1 672 671 675 AND
2 1 674 675 676 LOR
2 1 76 107 677 XOR
2 1 677 676 678 XOR
2 1 76 107 679 AND
2 1 677 676 680 AND
2 1 679 680 681 LOR
2 1 75 106 682 XOR
2 1 682 681 683 XOR
2 1 75 106 684 AND
2 1 682 681 685 AND
2 1 684 685 686 LOR
2 1 74 105 687 XOR
2 1 687 686 688 XOR
2 1 74 105 689 AND
2 1 687 686 690 AND
2 1 689 690 691 LOR
2 1 73 104 692 XOR
2 1 692 691 693 XOR
2 1 73 104 694 AND
2 1 692 691 695 AND
2 1 694 695 696 LOR
2 1 72 103 697 XOR
2 1 697 696 698 XOR
2 1 72 103 699 AND
2 1 697 696 700 AND
2 1 699 700 701 LOR
2 1 71 102 702 XOR
2 1 702 701 703 XOR
2 1 71 102 704 AND
2 1 702 701 705 AND
2 1 704 705 706 LOR
2 1 70 101 707 XOR
2 1 707 706 708 XOR
2 1 70 101 709 AND
2 1 707 706 710 AND
2 1 709 710 711 LOR
2 1 69 100 712 XOR
2 1 712 711 713 XOR
2 1 69 100 714 AND
2 1 712 711 715 AND
2 1 714 715 716 LOR
2 1 68 99 717 XOR
2 1 717 716 718 XOR
2 1 68 99 719 AND
2 1 717 716 720 AND
2 1 719 720 721 LOR
2 1 67 98 722 XOR
2 1 722 721 723 XOR
2 1 67 98 724 AND
2 1 722 721 725 AND
2 1 724 725 726 LOR
2 1 66 97 727 XOR
2 1 727 726 728 XOR
2 1 66 97 729 AND
2 1 727 726 730 AND
2 1 729 730 731 LOR
2 1 65 96 732 XOR
2 1 732 731 733 XOR
2 1 65 96 734 AND
2 1 732 731 735 AND
2 1 734 735 736 LOR
2 1 64 95 737 XOR
2 1 737 736 738 XOR
2 1 154 184 739 XOR
2 1 154 184 740 AND
2 1 153 183 741 XOR
2 1 741 740 742 XOR
2 1 153 183 743 AND
2 1 741 740 744 AND
2 1 743 744 745 LOR
2 1 152 182 746 XOR
2 1 746 745 747 XOR
2 1 152 182 748 AND
2 1 746 745 749 AND
2 1 748 749 750 LOR
2 1 151 181 751 XOR
2 1 751 750 752 XOR
2 1 151 181 753 AND
2 1 751 750 754 AND
2 1 753 754 755 LOR
2 1 150 180 756 XOR
2 1 756 755 757 XOR
2 1 150 180 758 AND
2 1 756 755 759 AND
2 1 758 759 760 LOR
2 1 149 179 761 XOR
2 1 761 760 762 XOR
2 1 149 179 763 AND
2 1 761 760 764 AND
2 1 763 764 765 LOR
2 1 148 178 766 XOR
2 1 766 765 767 XOR
2 1 148 178 768 AND
2 1 766 765 769 AND
2 1 768 769 770 LOR
2 1 147 177 771 XOR
2 1 771 770 772 XOR
2 1 147 177 773 AND
2 1 771 770 774 AND
2 1 773 774 775 LOR
2 1 146 176 776 XOR
2 1 776 775 777 XOR
2 1 146 176 778 AND
2 1 776 775 779 AND
2 1 778 779 780 LOR
2 1 145 175 781 XOR
2 1 781 780 782 XOR
2 1 145 175 783 AND
2 1 781 780 784 AND
2 1 783 784 785 LOR
2 1 144 174 786 XOR
2 1 786 785 787 XOR
2 1 144 174 788 AND
2 1 786 785 789 AND
2 1 788 789 790 LOR
2 1 143 173 791 XOR
2 1 791 790 792 XOR
2 1 143 173 793 AND
2 1 791 790 794 AND
2 1 793 794 795 LOR
2 1 142 172 796 XOR
2 1 796 795 797 XOR
2 1 142 172 798 AND
2 1 796 795 799 AND
2 1 798 799 800 LOR
2 1 141 171 801 XOR
2 1 801 800 802 XOR
2 1 141 171 803 AND
2 1 801 800 804 AND
2 1 803 804 805 LOR
2 1 140 170 806 XOR
2 1 806 805 807 XOR
2 1 140 170 808 AND
2 1 806 805 809 AND
2 1 808 809 810 LOR
2 1 139 169 811 XOR
2 1 811 810 812 XOR
2 1 139 169 813 AND
2 1 811 810 814 AND
2 1 813 814 815 LOR
2 1 138 168 816 XOR
2 1 816 815 817 XOR
2 1 138 168 818 AND
2 1 816 815 819 AND
2 1 818 819 820 LOR
2 1 137 167 821 XOR
2 1 821 820 822 XOR
2 1 137 167 823 AND
2 1 821 820 824 AND
2 1 823 824 825 LOR
2 1 136 166 826 XOR
2 1 826 825 827 XOR
2 1 136 166 828 AND
2 1 826 825 829 AND
2 1 828 829 830 LOR
2 1 135 165 831 XOR
2 1 831 830 832 XOR
2 1 135 165 833 AND
2 1 831 830 834 AND
2 1 833 834 835 LOR
2 1 134 164 836 XOR
2 1 836 835 837 XOR
2 1 134 164 838 AND
2 1 836 835 839 AND
2 1 838 839 840 LOR
2 1 133 163 841 XOR
2 1 841 840 842 XOR
2 1 133 163 843 AND
2 1 841 840 844 AND
2 1 843 844 845 LOR
2 1 132 162 846 XOR
2 1 846 845 847 XOR
2 1 132 162 848 AND
2 1 846 845 849 AND
2 1 848 849 850 LOR
2 1 131 161 851 XOR
2 1 851 850 852 XOR
2 1 131 161 853 AND
2 1 851 850 854 AND
2 1 853 854 855 LOR
2 1 130 160 856 XOR
2 1 856 855 857 XOR
2 1 130 160 858 AND
2 1 856 855 859 AND
2 1 858 859 860 LOR
2 1 129 159 861 XOR
2 1 861 860 862 XOR
2 1 129 159 863 AND
2 1 861 860 864 AND
2 1 863 864 865 LOR
2 1 128 158 866 XOR
2 1 866 865 867 XOR
2 1 128 158 868 AND
2 1 866 865 869 AND
2 1 868 869 870 LOR
2 1 127 157 871 XOR
2 1 871 870 872 XOR
2 1 127 157 873 AND
2 1 871 870 874 AND
2 1 873 874 875 LOR
2 1 126 156 876 XOR
2 1 876 875 877 XOR
2 1 593 155 878 AND
2 1 598 739 879 XOR
2 1 598 739 880 AND
2 1 879 878 881 AND
2 1 880 881 882 LOR
2 1 603 742 883 XOR
2 1 883 882 884 XOR
2 1 603 742 885 AND
2 1 883 882 886 AND
2 1 885 886 887 LOR
2 1 608 747 888 XOR
2 1 888 887 889 XOR
2 1 608 747 890 AND
2 1 888 887 891 AND
2 1 890 891 892 LOR
2 1 613 752 893 XOR
2 1 893 892 894 XOR
2 1 613 752 895 AND
2 1 893 892 896 AND
2 1 895 896 897 LOR
2 1 618 757 898 XOR
2 1 898 897 899 XOR
2 1 618 757 900 AND
2 1 898 897 901 AND
2 1 900 901 902 LOR
2 1 623 762 903 XOR
2 1 903 902 904 XOR
2 1 623 762 905 AND
2 1 903 902 906 AND
2 1 905 906 907 LOR
2 1 628 767 908 XOR
2 1 908 907 909 XOR
2 1 628 767 910 AND
2 1 908 907 911 AND
2 1 910 911 912 LOR
2 1 633 772 913 XOR
2 1 913 912 914 XOR
2 1 633 772 915 AND
2 1 913 912 916 AND
2 1 915 916 917 LOR
2 1 638 777 918 XOR
2 1 918 917 919 XOR
2 1 638 777 920 AND
2 1 918 917 921 AND
2 1 920 921 922 LOR
2 1 643 782 923 XOR
2 1 923 922 924 XOR
2 1 643 782 925 AND
2 1 923 922 926 AND
2 1 925 926 927 LOR
2 1 648 787 928 XOR
2 1 928 927 929 XOR
2 1 648 787 930 AND
2 1 928 927 931 AND
2 1 930 931 932 LOR
2 1 653 792 933 XOR
2 1 933 932 934 XOR
2 1 653 792 935 AND
2 1 933 932 936 AND
2 1 935 936 937 LOR
2 1 658 797 938 XOR
2 1 938 937 939 XOR
2 1 658 797 940 AND
2 1 938 937 941 AND
2 1 940 941 942 LOR
2 1 663 802 943 XOR
2 1 943 942 944 XOR
2 1 663 802 945 AND
2 1 943 942 946 AND
2 1 945 946 947 LOR
2 1 668 807 948 XOR
2 1 948 947 949 XOR
2 1 668 807 950 AND
2 1 948 947 951 AND
2 1 950 951 952 LOR
2 1 673 812 953 XOR
2 1 953 952 954 XOR
2 1 673 812 955 AND
2 1 953 952 956 AND
2 1 955 956 957 LOR
2 1 678 817 958 XOR
2 1 958 957 959 XOR
2 1 678 817 960 AND
2 1 958 957 961 AND
2 1 960 961 962 LOR
2 1 683 822 963 XOR
2 1 963 962 964 XOR
2 1 683 822 965 AND
2 1 963 962 966 AND
2 1 965 966 967 LOR
2 1 688 827 968 XOR
2 1 968 967 969 XOR
2 1 688 827 970 AND
2 1 968 967 971 AND
2 1 970 971 972 LOR
2 1 693 832 973 XOR
2 1 973 972 974 XOR
2 1 693 832 975 AND
2 1 973 972 976 AND
2 1 975 976 977 LOR
2 1 698 837 978 XOR
2 1 978 977 979 XOR
2 1 698 837 980 AND
2 1 978 977 981 AND
2 1 980 981 982 LOR
2 1 703 842 983 XOR
2 1 983 982 984 XOR
2 1 703 842 985 AND
2 1 983 982 986 AND
2 1 985 986 987 LOR
2 1 708 847 988 XOR
2 1 988 987 989 XOR
2 1 708 847 990 AND
2 1 988 987 991 AND
2 1 990 991 992 LOR
2 1 713 852 993 XOR
2 1 993 992 994 XOR
2 1 713 852 995 AND
2 1 993 992 996 AND
2 1 995 996 997 LOR
2 1 718 857 998 XOR
2 1 998 997 999 XOR
2 1 718 857 1000 AND
2 1 998 997 1001 AND
2 1 1000 1001 1002 LOR
2 1 723 862 1003 XOR
2 1 1003 1002 1004 XOR
2 1 723 862 1005 AND
2 1 1003 1002 1006 AND
2 1 1005 1006 1007 LOR
2 1 728 867 1008 XOR
2 1 1008 1007 1009 XOR
2 1 728 867 1010 AND
2 1 1008 1007 1011 AND
2 1 1010 1011 1012 LOR
2 1 733 872 1013 XOR
2 1 1013 1012 1014 XOR
2 1 733 872 1015 AND
2 1 1013 1012 1016 AND
2 1 1015 1016 1017 LOR
2 1 738 877 1018 XOR
2 1 1018 1017 1019 XOR
2 1 211 239 1020 XOR
2 1 211 239 1021 AND
2 1 210 238 1022 XOR
2 1 1022 1021 1023 XOR
2 1 210 238 1024 AND
2 1 1022 1021 1025 AND
2 1 1024 1025 1026 LOR
2 1 209 237 1027 XOR
2 1 1027 1026 1028 XOR
2 1 209 237 1029 AND
2 1 1027 1026 1030 AND
2 1 1029 1030 1031 LOR
2 1 208 236 1032 XOR
2 1 1032 1031 1033 XOR
2 1 208 236 1034 AND
2 1 1032 1031 1035 AND
2 1 1034 1035 1036 LOR
2 1 207 235 1037 XOR
2 1 1037 1036 1038 XOR
2 1 207 235 1039 AND
2 1 1037 1036 1040 AND
2 1 1039 1040 1041 LOR
2 1 206 234 1042 XOR
2 1 1042 1041 1043 XOR
2 1 206 234 1044 AND
2 1 1042 1041 1045 AND
2 1 1044 1045 1046 LOR
2 1 205 233 1047 XOR
2 1 1047 1046 1048 XOR
2 1 205 233 1049 AND
2 1 1047 1046 1050 AND
2 1 1049 1050 1051 LOR
2 1 204 232 1052 XOR
2 1 1052 1051 1053 XOR
2 1 204 232 1054 AND
2 1 1052 1051 1055 AND
2 1 1054 1055 1056 LOR
2 1 203 231 1057 XOR
2 1 1057 1056 1058 XOR
2 1 203 231 1059 AND
2 1 1057 1056 1060 AND
2 1 1059 1060 1061 LOR
2 1 202 230 1062 XOR
2 1 1062 1061 1063 XOR
2 1 202 230 1064 AND
2 1 1062 1061 1065 AND
2 1 1064 1065 1066 LOR
2 1 201 229 1067 XOR
2 1 1067 1066 1068 XOR
2 1 201 229 1069 AND
2 1 1067 1066 1070 AND
2 1 1069 1070 1071 LOR
2 1 200 228 1072 XOR
2 1 1072 1071 1073 XOR
2 1 200 228 1074 AND
2 1 1072 1071 1075 AND
2 1 1074 1075 1076 LOR
2 1 199 227 1077 XOR
2 1 1077 1076 1078 XOR
2 1 199 227 1079 AND
2 1 1077 1076 1080 AND
2 1 1079 1080 1081 LOR
2 1 198 226 1082 XOR
2 1 1082 1081 1083 XOR
2 1 198 226 1084 AND
2 1 1082 1081 1085 AND
2 1 1084 1085 1086 LOR
2 1 197 225 1087 XOR
2 1 1087 1086 1088 XOR
2 1 197 225 1089 AND
2 1 1087 1086 1090 AND
2 1 1089 1090 1091 LOR
2 1 196 224 1092 XOR
2 1 1092 1091 1093 XOR
2 1 196 224 1094 AND
2 1 1092 1091 1095 AND
2 1 1094 1095 1096 LOR
2 1 195 223 1097 XOR
2 1 1097 1096 1098 XOR
2 1 195 223 1099 AND
2 1 1097 1096 1100 AND
2 1 1099 1100 1101 LOR
2 1 194 222 1102 XOR
2 1 1102 1101 1103 XOR
2 1 194 222 1104 AND
2 1 1102 1101 1105 AND
2 1 1104 1105 1106 LOR
2 1 193 221 1107 XOR
2 1 1107 1106 1108 XOR
2 1 193 221 1109 AND
2 1 1107 1106 1110 AND
2 1 1109 1110 1111 LOR
2 1 192 220 1112 XOR
2 1 1112 1111 1113 XOR
2 1 192 220 1114 AND
2 1 1112 1111 1115 AND
2 1 1114 1115 1116 LOR
2 1 191 219 1117 XOR
2 1 1117 1116 1118 XOR
2 1 191 219 1119 AND
2 1 1117 1116 1120 AND
2 1 1119 1120 1121 LOR
2 1 190 218 1122 XOR
2 1 1122 1121 1123 XOR
2 1 190 218 1124 AND
2 1 1122 1121 1125 AND
2 1 1124 1125 1126 LOR
2 1 189 217 1127 XOR
2 1 1127 1126 1128 XOR
2 1 189 217 1129 AND
2 1 1127 1126 1130 AND
2 1 1129 1130 1131 LOR
2 1 188 216 1132 XOR
2 1 1132 1131 1133 XOR
2 1 188 216 1134 AND
2 1 1132 1131 1135 AND
2 1 1134 1135 1136 LOR
2 1 187 215 1137 XOR
2 1 1137 1136 1138 XOR
2 1 187 215 1139 AND
2 1 1137 1136 1140 AND
2 1 1139 1140 1141 LOR
2 1 186 214 1142 XOR
2 1 1142 1141 1143 XOR
2 1 186 214 1144 AND
2 1 1142 1141 1145 AND
2 1 1144 1145 1146 LOR
2 1 185 213 1147 XOR
2 1 1147 1146 1148 XOR
2 1 264 290 1149 XOR
2 1 264 290 1150 AND
2 1 263 289 1151 XOR
2 1 1151 1150 1152 XOR
2 1 263 289 1153 AND
2 1 1151 1150 1154 AND
2 1 1153 1154 1155 LOR
2 1 262 288 1156 XOR
2 1 1156 1155 1157 XOR
2 1 262 288 1158 AND
2 1 1156 1155 1159 AND
2 1 1158 1159 1160 LOR
2 1 261 287 1161 XOR
2 1 1161 1160 1162 XOR
2 1 261 287 1163 AND
2 1 1161 1160 1164 AND
2 1 1163 1164 1165 LOR
2 1 260 286 1166 XOR
2 1 1166 1165 1167 XOR
2 1 260 286 1168 AND
2 1 1166 1165 1169 AND
2 1 1168 1169 1170 LOR
2 1 259 285 1171 XOR
2 1 1171 1170 1172 XOR
2 1 259 285 1173 AND
2 1 1171 1170 1174 AND
2 1 1173 1174 1175 LOR
2 1 258 284 1176 XOR
2 1 1176 1175 1177 XOR
2 1 258 284 1178 AND
2 1 1176 1175 1179 AND
2 1 1178 1179 1180 LOR
2 1 257 283 1181 XOR
2 1 1181 1180 1182 XOR
2 1 257 283 1183 AND
2 1 1181 1180 1184 AND
2 1 1183 1184 1185 LOR
2 1 256 282 1186 XOR
2 1 1186 1185 1187 XOR
2 1 256 282 1188 AND
2 1 1186 1185 1189 AND
2 1 1188 1189 1190 LOR
2 1 255 281 1191 XOR
2 1 1191 1190 1192 XOR
2 1 255 281 1193 AND
2 1 1191 1190 1194 AND
2 1 1193 1194 1195 LOR
2 1 254 280 1196 XOR
2 1 1196 1195 1197 XOR
2 1 254 280 1198 AND
2 1 1196 1195 1199 AND
2 1 1198 1199 1200 LOR
2 1 253 279 1201 XOR
2 1 1201 1200 1202 XOR
2 1 253 279 1203 AND
2 1 1201 1200 1204 AND
2 1 1203 1204 1205 LOR
2 1 252 278 1206 XOR
2 1 1206 1205 1207 XOR
2 1 252 278 1208 AND
2 1 1206 1205 1209 AND
2 1 1208 1209 1210 LOR
2 1 251 277 1211 XOR
2 1 1211 1210 1212 XOR
2 1 251 277 1213 AND
2 1 1211 1210 1214 AND
2 1 1213 1214 1215 LOR
2 1 250 276 1216 XOR
2 1 1216 1215 1217 XOR
2 1 250 276 1218 AND
2 1 1216 1215 1219 AND
2 1 1218 1219 1220 LOR
2 1 249 275 1221 XOR
2 1 1221 1220 1222 XOR
2 1 249 275 1223 AND
2 1 1221 1220 1224 AND
2 1 1223 1224 1225 LOR
2 1 248 274 1226 XOR
2 1 1226 1225 1227 XOR
2 1 248 274 1228 AND
2 1 1226 1225 1229 AND
2 1 1228 1229 1230 LOR
2 1 247 273 1231 XOR
2 1 1231 1230 1232 XOR
2 1 247 273 1233 AND
2 1 1231 1230 1234 AND
2 1 1233 1234 1235 LOR
2 1 246 272 1236 XOR
2 1 1236 1235 1237 XOR
2 1 246 272 1238 AND
2 1 1236 1235 1239 AND
2 1 1238 1239 1240 LOR
2 1 245 271 1241 XOR
2 1 1241 1240 1242 XOR
2 1 245 271 1243 AND
2 1 1241 1240 1244 AND
2 1 1243 1244 1245 LOR
2 1 244 270 1246 XOR
2 1 1246 1245 1247 XOR
2 1 244 270 1248 AND
2 1 1246 1245 1249 AND
2 1 1248 1249 1250 LOR
2 1 243 269 1251 XOR
2 1 1251 1250 1252 XOR
2 1 243 269 1253 AND
2 1 1251 1250 1254 AND
2 1 1253 1254 1255 LOR
2 1 242 268 1256 XOR
2 1 1256 1255 1257 XOR
2 1 242 268 1258 AND
2 1 1256 1255 1259 AND
2 1 1258 1259 1260 LOR
2 1 241 267 1261 XOR
2 1 1261 1260 1262 XOR
2 1 241 267 1263 AND
2 1 1261 1260 1264 AND
2 1 1263 1264 1265 LOR
2 1 240 266 1266 XOR
2 1 1266 1265 1267 XOR
2 1 1023 265 1268 XOR
2 1 1023 265 1269 AND
2 1 1028 1149 1270 XOR
2 1 1270 1269 1271 XOR
2 1 1028 1149 1272 AND
2 1 1270 1269 1273 AND
2 1 1272 1273 1274 LOR
2 1 1033 1152 1275 XOR
2 1 1275 1274 1276 XOR
2 1 1033 1152 1277 AND
2 1 1275 1274 1278 AND
2 1 1277 1278 1279 LOR
2 1 1038 1157 1280 XOR
2 1 1280 1279 1281 XOR
2 1 1038 1157 1282 AND
2 1 1280 1279 1283 AND
2 1 1282 1283 1284 LOR
2 1 1043 1162 1285 XOR
2 1 1285 1284 1286 XOR
2 1 1043 1162 1287 AND
2 1 1285 1284 1288 AND
2 1 1287 1288 1289 LOR
2 1 1048 1167 1290 XOR
2 1 1290 1289 1291 XOR
2 1 1048 1167 1292 AND
2 1 1290 1289 1293 AND
2 1 1292 1293 1294 LOR
2 1 1053 1172 1295 XOR
2 1 1295 1294 1296 XOR
2 1 1053 1172 1297 AND
2 1 1295 1294 1298 AND
2 1 1297 1298 1299 LOR
2 1 1058 1177 1300 XOR
2 1 1300 1299 1301 XOR
2 1 1058 1177 1302 AND
2 1 1300 1299 1303 AND
2 1 1302 1303 1304 LOR
2 1 1063 1182 1305 XOR
2 1 1305 1304 1306 XOR
2 1 1063 1182 1307 AND
2 1 1305 1304 1308 AND
2 1 1307 1308 1309 LOR
2 1 1068 1187 1310 XOR
2 1 1310 1309 1311 XOR
2 1 1068 1187 1312 AND
2 1 1310 1309 1313 AND
2 1 1312 1313 1314 LOR
2 1 1073 1192 1315 XOR
2 1 1315 1314 1316 XOR
2 1 1073 1192 1317 AND
2 1 1315 1314 1318 AND
2 1 1317 1318 1319 LOR
2 1 1078 1197 1320 XOR
2 1 1320 1319 1321 XOR
2 1 1078 1197 1322 AND
2 1 1320 1319 1323 AND
2 1 1322 1323 1324 LOR
2 1 1083 1202 1325 XOR
2 1 1325 1324 1326 XOR
2 1 1083 1202 1327 AND
2 1 1325 1324 1328 AND
2 1 1327 1328 1329 LOR
2 1 1088 1207 1330 XOR
2 1 1330 1329 1331 XOR
2 1 1088 1207 1332 AND
2 1 1330 1329 1333 AND
2 1 1332 1333 1334 LOR
2 1 1093 1212 1335 XOR
2 1 1335 1334 1336 XOR
2 1 1093 1212 1337 AND
2 1 1335 1334 1338 AND
2 1 1337 1338 1339 LOR
2 1 1098 1217 1340 XOR
2 1 1340 1339 1341 XOR
2 1 1098 1217 1342 AND
2 1 1340 1339 1343 AND
2 1 1342 1343 1344 LOR
2 1 1103 1222 1345 XOR
2 1 1345 1344 1346 XOR
2 1 1103 1222 1347 AND
2 1 1345 1344 1348 AND
2 1 1347 1348 1349 LOR
2 1 1108 1227 1350 XOR
2 1 1350 1349 1351 XOR
2 1 1108 1227 1352 AND
2 1 1350 1349 1353 AND
2 1 1352 1353 1354 LOR
2 1 1113 1232 1355 XOR
2 1 1355 1354 1356 XOR
2 1 1113 1232 1357 AND
2 1 1355 1354 1358 AND
2 1 1357 1358 1359 LOR
2 1 1118 1237 1360 XOR
2 1 1360 1359 1361 XOR
2 1 1118 1237 1362 AND
2 1 1360 1359 1363 AND
2 1 1362 1363 1364 LOR
2 1 1123 1242 1365 XOR
2 1 1365 1364 1366 XOR
2 1 1123 1242 1367 AND
2 1 1365 1364 1368 AND
2 1 1367 1368 1369 LOR
2 1 1128 1247 1370 XOR
2 1 1370 1369 1371 XOR
2 1 1128 1247 1372 AND
2 1 1370 1369 1373 AND
2 1 1372 1373 1374 LOR
2 1 1133 1252 1375 XOR
2 1 1375 1374 1376 XOR
2 1 1133 1252 1377 AND
2 1 1375 1374 1378 AND
2 1 1377 1378 1379 LOR
2 1 1138 1257 1380 XOR
2 1 1380 1379 1381 XOR
2 1 1138 1257 1382 AND
2 1 1380 1379 1383 AND
2 1 1382 1383 1384 LOR
2 1 1143 1262 1385 XOR
2 1 1385 1384 1386 XOR
2 1 1143 1262 1387 AND
2 1 1385 1384 1388 AND
2 1 1387 1388 1389 LOR
2 1 1148 1267 1390 XOR
2 1 1390 1389 1391 XOR
2 1 884 212 1392 AND
2 1 889 1020 1393 XOR
2 1 889 1020 1394 AND
2 1 1393 1392 1395 AND
2 1 1394 1395 1396 LOR
2 1 894 1268 1397 XOR
2 1 894 1268 1398 AND
2 1 1397 1396 1399 AND
2 1 1398 1399 1400 LOR
2 1 899 1271 1401 XOR
2 1 899 1271 1402 AND
2 1 1401 1400 1403 AND
2 1 1402 1403 1404 LOR
2 1 904 1276 1405 XOR
2 1 1405 1404 1406 XOR
2 1 904 1276 1407 AND
2 1 1405 1404 1408 AND
2 1 1407 1408 1409 LOR
2 1 909 1281 1410 XOR
2 1 1410 1409 1411 XOR
2 1 909 1281 1412 AND
2 1 1410 1409 1413 AND
2 1 1412 1413 1414 LOR
2 1 914 1286 1415 XOR
2 1 1415 1414 1416 XOR
2 1 914 1286 1417 AND
2 1 1415 1414 1418 AND
2 1 1417 1418 1419 LOR
2 1 919 1291 1420 XOR
2 1 1420 1419 1421 XOR
2 1 919 1291 1422 AND
2 1 1420 1419 1423 AND
2 1 1422 1423 1424 LOR
2 1 924 1296 1425 XOR
2 1 1425 1424 1426 XOR
2 1 924 1296 1427 AND
2 1 1425 1424 1428 AND
2 1 1427 1428 1429 LOR
2 1 929 1301 1430 XOR
2 1 1430 1429 1431 XOR
2 1 929 1301 1432 AND
2 1 1430 1429 1433 AND
2 1 1432 1433 1434 LOR
2 1 934 1306 1435 XOR
2 1 1435 1434 1436 XOR
2 1 934 1306 1437 AND
2 1 1435 1434 1438 AND
2 1 1437 1438 1439 LOR
2 1 939 1311 1440 XOR
2 1 1440 1439 1441 XOR
2 1 939 1311 1442 AND
2 1 1440 1439 1443 AND
2 1 1442 1443 1444 LOR
2 1 944 1316 1445 XOR
2 1 1445 1444 1446 XOR
2 1 944 1316 1447 AND
2 1 1445 1444 1448 AND
2 1 1447 1448 1449 LOR
2 1 949 1321 1450 XOR
2 1 1450 1449 1451 XOR
2 1 949 1321 1452 AND
2 1 1450 1449 1453 AND
2 1 1452 1453 1454 LOR
2 1 954 1326 1455 XOR
2 1 1455 1454 1456 XOR
2 1 954 1326 1457 AND
2 1 1455 1454 1458 AND
2 1 1457 1458 1459 LOR
2 1 959 1331 1460 XOR
2 1 1460 1459 1461 XOR
2 1 959 1331 1462 AND
2 1 1460 1459 1463 AND
2 1 1462 1463 1464 LOR
2 1 964 1336 1465 XOR
2 1 1465 1464 1466 XOR
2 1 964 1336 1467 AND
2 1 1465 1464 1468 AND
2 1 1467 1468 1469 LOR
2 1 969 1341 1470 XOR
2 1 1470 1469 1471 XOR
2 1 969 1341 1472 AND
2 1 1470 1469 1473 AND
2 1 1472 1473 1474 LOR
2 1 974 1346 1475 XOR
2 1 1475 1474 1476 XOR
2 1 974 1346 1477 AND
2 1 1475 1474 1478 AND
2 1 1477 1478 1479 LOR
2 1 979 1351 1480 XOR
2 1 1480 1479 1481 XOR
2 1 979 1351 1482 AND
2 1 1480 1479 1483 AND
2 1 1482 1483 1484 LOR
2 1 984 1356 1485 XOR
2 1 1485 1484 1486 XOR
2 1 984 1356 1487 AND
2 1 1485 1484 1488 AND
2 1 1487 1488 1489 LOR
2 1 989 1361 1490 XOR
2 1 1490 1489 1491 XOR
2 1 989 1361 1492 AND
2 1 1490 1489 1493 AND
2 1 1492 1493 1494 LOR
2 1 994 1366 1495 XOR
2 1 1495 1494 1496 XOR
2 1 994 1366 1497 AND
2 1 1495 1494 1498 AND
2 1 1497 1498 1499 LOR
2 1 999 1371 1500 XOR
2 1 1500 1499 1501 XOR
2 1 999 1371 1502 AND
2 1 1500 1499 1503 AND
2 1 1502 1503 1504 LOR
2 1 1004 1376 1505 XOR
2 1 1505 1504 1506 XOR
2 1 1004 1376 1507 AND
2 1 1505 1504 1508 AND
2 1 1507 1508 1509 LOR
2 1 1009 1381 1510 XOR
2 1 1510 1509 1511 XOR
2 1 1009 1381 1512 AND
2 1 1510 1509 1513 AND
2 1 1512 1513 1514 LOR
2 1 1014 1386 1515 XOR
2 1 1515 1514 1516 XOR
2 1 1014 1386 1517 AND
2 1 1515 1514 1518 AND
2 1 1517 1518 1519 LOR
2 1 1019 1391 1520 XOR
2 1 1520 1519 1521 XOR
2 1 313 337 1522 XOR
2 1 313 337 1523 AND
2 1 312 336 1524 XOR
2 1 1524 1523 1525 XOR
2 1 312 336 1526 AND
2 1 1524 1523 1527 AND
2 1 1526 1527 1528 LOR
2 1 311 335 1529 XOR
2 1 1529 1528 1530 XOR
2 1 311 335 1531 AND
2 1 1529 1528 1532 AND
2 1 1531 1532 1533 LOR
2 1 310 334 1534 XOR
2 1 1534 1533 1535 XOR
2 1 310 334 1536 AND
2 1 1534 1533 1537 AND
2 1 1536 1537 1538 LOR
2 1 309 333 1539 XOR
2 1 1539 1538 1540 XOR
2 1 309 333 1541 AND
2 1 1539 1538 1542 AND
2 1 1541 1542 1543 LOR
2 1 308 332 1544 XOR
2 1 1544 1543 1545 XOR
2 1 308 332 1546 AND
2 1 1544 1543 1547 AND
2 1 1546 1547 1548 LOR
2 1 307 331 1549 XOR
2 1 1549 1548 1550 XOR
2 1 307 331 1551 AND
2 1 1549 1548 1552 AND
2 1 1551 1552 1553 LOR
2 1 306 330 1554 XOR
2 1 1554 1553 1555 XOR
2 1 306 330 1556 AND
2 1 1554 1553 1557 AND
2 1 1556 1557 1558 LOR
2 1 305 329 1559 XOR
2 1 1559 1558 1560 XOR
2 1 305 329 1561 AND
2 1 1559 1558 1562 AND
2 1 1561 1562 1563 LOR
2 1 304 328 1564 XOR
2 1 1564 1563 1565 XOR
2 1 304 328 1566 AND
2 1 1564 1563 1567 AND
2 1 1566 1567 1568 LOR
2 1 303 327 1569 XOR
2 1 1569 1568 1570 XOR
2 1 303 327 1571 AND
2 1 1569 1568 1572 AND
2 1 1571 1572 1573 LOR
2 1 302 326 1574 XOR
2 1 1574 1573 1575 XOR
2 1 302 326 1576 AND
2 1 1574 1573 1577 AND
2 1 1576 1577 1578 LOR
2 1 301 325 1579 XOR
2 1 1579 1578 1580 XOR
2 1 301 325 1581 AND
2 1 1579 1578 1582 AND
2 1 1581 1582 1583 LOR
2 1 300 324 1584 XOR
2 1 1584 1583 1585 XOR
2 1 300 324 1586 AND
2 1 1584 1583 1587 AND
2 1 1586 1587 1588 LOR
2 1 299 323 1589 XOR
2 1 1589 1588 1590 XOR
2 1 299 323 1591 AND
2 1 1589 1588 1592 AND
2 1 1591 1592 1593 LOR
2 1 298 322 1594 XOR
2 1 1594 1593 1595 XOR
2 1 298 322 1596 AND
2 1 1594 1593 1597 AND
2 1 1596 1597 1598 LOR
2 1 297 321 1599 XOR
2 1 1599 1598 1600 XOR
2 1 297 321 1601 AND
2 1 1599 1598 1602 AND
2 1 1601 1602 1603 LOR
2 1 296 320 1604 XOR
2 1 1604 1603 1605 XOR
2 1 296 320 1606 AND
2 1 1604 1603 1607 AND
2 1 1606 1607 1608 LOR
2 1 295 319 1609 XOR
2 1 1609 1608 1610 XOR
2 1 295 319 1611 AND
2 1 1609 1608 1612 AND
2 1 1611 1612 1613 LOR
2 1 294 318 1614 XOR
2 1 1614 1613 1615 XOR
2 1 294 318 1616 AND
2 1 1614 1613 1617 AND
2 1 1616 1617 1618 LOR
2 1 293 317 1619 XOR
2 1 1619 1618 1620 XOR
2 1 293 317 1621 AND
2 1 1619 1618 1622 AND
2 1 1621 1622 1623 LOR
2 1 292 316 1624 XOR
2 1 1624 1623 1625 XOR
2 1 292 316 1626 AND
2 1 1624 1623 1627 AND
2 1 1626 1627 1628 LOR
2 1 291 315 1629 XOR
2 1 1629 1628 1630 XOR
2 1 358 380 1631 XOR
2 1 358 380 1632 AND
2 1 357 379 1633 XOR
2 1 1633 1632 1634 XOR
2 1 357 379 1635 AND
2 1 1633 1632 1636 AND
2 1 1635 1636 1637 LOR
2 1 356 378 1638 XOR
2 1 1638 1637 1639 XOR
2 1 356 378 1640 AND
2 1 1638 1637 1641 AND
2 1 1640 1641 1642 LOR
2 1 355 377 1643 XOR
2 1 1643 1642 1644 XOR
2 1 355 377 1645 AND
2 1 1643 1642 1646 AND
2 1 1645 1646 1647 LOR
2 1 354 376 1648 XOR
2 1 1648 1647 1649 XOR
2 1 354 376 1650 AND
2 1 1648 1647 1651 AND
2 1 1650 1651 1652 LOR
2 1 353 375 1653 XOR
2 1 1653 1652 1654 XOR
2 1 353 375 1655 AND
2 1 1653 1652 1656 AND
2 1 1655 1656 1657 LOR
2 1 352 374 1658 XOR
2 1 1658 1657 1659 XOR
2 1 352 374 1660 AND
2 1 1658 1657 1661 AND
2 1 1660 1661 1662 LOR
2 1 351 373 1663 XOR
2 1 1663 1662 1664 XOR
2 1 351 373 1665 AND
2 1 1663 1662 1666 AND
2 1 1665 1666 1667 LOR
2 1 350 372 1668 XOR
2 1 1668 1667 1669 XOR
2 1 350 372 1670 AND
2 1 1668 1667 1671 AND
2 1 1670 1671 1672 LOR
2 1 349 371 1673 XOR
2 1 1673 1672 1674 XOR
2 1 349 371 1675 AND
2 1 1673 1672 1676 AND
2 1 1675 1676 1677 LOR
2 1 348 370 1678 XOR
2 1 1678 1677 1679 XOR
2 1 348 370 1680 AND
2 1 1678 1677 1681 AND
2 1 1680 1681 1682 LOR
2 1 347 369 1683 XOR
2 1 1683 1682 1684 XOR
2 1 347 369 1685 AND
2 1 1683 1682 1686 AND
2 1 1685 1686 1687 LOR
2 1 346 368 1688 XOR
2 1 1688 1687 1689 XOR
2 1 346 368 1690 AND
2 1 1688 1687 1691 AND
2 1 1690 1691 1692 LOR
2 1 345 367 1693 XOR
2 1 1693 1692 1694 XOR
2 1 345 367 1695 AND
2 1 1693 1692 1696 AND
2 1 1695 1696 1697 LOR
2 1 344 366 1698 XOR
2 1 1698 1697 1699 XOR
2 1 344 366 1700 AND
2 1 1698 1697 1701 AND
2 1 1700 1701 1702 LOR
2 1 343 365 1703 XOR
2 1 1703 1702 1704 XOR
2 1 343 365 1705 AND
2 1 1703 1702 1706 AND
2 1 1705 1706 1707 LOR
2 1 342 364 1708 XOR
2 1 1708 1707 1709 XOR
2 1 342 364 1710 AND
2 1 1708 1707 1711 AND
2 1 1710 1711 1712 LOR
2 1 341 363 1713 XOR
2 1 1713 1712 1714 XOR
2 1 341 363 1715 AND
2 1 1713 1712 1716 AND
2 1 1715 1716 1717 LOR
2 1 340 362 1718 XOR
2 1 1718 1717 1719 XOR
2 1 340 362 1720 AND
2 1 1718 1717 1721 AND
2 1 1720 1721 1722 LOR
2 1 339 361 1723 XOR
2 1 1723 1722 1724 XOR
2 1 339 361 1725 AND
2 1 1723 1722 1726 AND
2 1 1725 1726 1727 LOR
2 1 338 360 1728 XOR
2 1 1728 1727 1729 XOR
2 1 1525 359 1730 XOR
2 1 1525 359 1731 AND
2 1 1530 1631 1732 XOR
2 1 1732 1731 1733 XOR
2 1 1530 1631 1734 AND
2 1 1732 1731 1735 AND
2 1 1734 1735 1736 LOR
2 1 1535 1634 1737 XOR
2 1 1737 1736 1738 XOR
2 1 1535 1634 1739 AND
2 1 1737 1736 1740 AND
2 1 1739 1740 1741 LOR
2 1 1540 1639 1742 XOR
2 1 1742 1741 1743 XOR
2 1 1540 1639 1744 AND
2 1 1742 1741 1745 AND
2 1 1744 1745 1746 LOR
2 1 1545 1644 1747 XOR
2 1 1747 1746 1748 XOR
2 1 1545 1644 1749 AND
2 1 1747 1746 1750 AND
2 1 1749 1750 1751 LOR
2 1 1550 1649 1752 XOR
2 1 1752 1751 1753 XOR
2 1 1550 1649 1754 AND
2 1 1752 1751 1755 AND
2 1 1754 1755 1756 LOR
2 1 1555 1654 1757 XOR
2 1 1757 1756 1758 XOR
2 1 1555 1654 1759 AND
2 1 1757 1756 1760 AND
2 1 1759 1760 1761 LOR
2 1 1560 1659 1762 XOR
2 1 1762 1761 1763 XOR
2 1 1560 1659 1764 AND
2 1 1762 1761 1765 AND
2 1 1764 1765 1766 LOR
2 1 1565 1664 1767 XOR
2 1 1767 1766 1768 XOR
2 1 1565 1664 1769 AND
2 1 1767 1766 1770 AND
2 1 1769 1770 1771 LOR
2 1 1570 1669 1772 XOR
2 1 1772 1771 1773 XOR
2 1 1570 1669 1774 AND
2 1 1772 1771 1775 AND
2 1 1774 1775 1776 LOR
2 1 1575 1674 1777 XOR
2 1 1777 1776 1778 XOR
2 1 1575 1674 1779 AND
2 1 1777 1776 1780 AND
2 1 1779 1780 1781 LOR
2 1 1580 1679 1782 XOR
2 1 1782 1781 1783 XOR
2 1 1580 1679 1784 AND
2 1 1782 1781 1785 AND
2 1 1784 1785 1786 LOR
2 1 1585 1684 1787 XOR
2 1 1787 1786 1788 XOR
2 1 1585 1684 1789 AND
2 1 1787 1786 1790 AND
2 1 1789 1790 1791 LOR
2 1 1590 1689 1792 XOR
2 1 1792 1791 1793 XOR
2 1 1590 1689 1794 AND
2 1 1792 1791 1795 AND
2 1 1794 1795 1796 LOR
2 1 1595 1694 1797 XOR
2 1 1797 1796 1798 XOR
2 1 1595 1694 1799 AND
2 1 1797 1796 1800 AND
2 1 1799 1800 1801 LOR
2 1 1600 1699 1802 XOR
2 1 1802 1801 1803 XOR
2 1 1600 1699 1804 AND
2 1 1802 1801 1805 AND
2 1 1804 1805 1806 LOR
2 1 1605 1704 1807 XOR
2 1 1807 1806 1808 XOR
2 1 1605 1704 1809 AND
2 1 1807 1806 1810 AND
2 1 1809 1810 1811 LOR
2 1 1610 1709 1812 XOR
2 1 1812 1811 1813 XOR
2 1 1610 1709 1814 AND
2 1 1812 1811 1815 AND
2 1 1814 1815 1816 LOR
2 1 1615 1714 1817 XOR
2 1 1817 1816 1818 XOR
2 1 1615 1714 1819 AND
2 1 1817 1816 1820 AND
2 1 1819 1820 1821 LOR
2 1 1620 1719 1822 XOR
2 1 1822 1821 1823 XOR
2 1 1620 1719 1824 AND
2 1 1822 1821 1825 AND
2 1 1824 1825 1826 LOR
2 1 1625 1724 1827 XOR
2 1 1827 1826 1828 XOR
2 1 1625 1724 1829 AND
2 1 1827 1826 1830 AND
2 1 1829 1830 1831 LOR
2 1 1630 1729 1832 XOR
2 1 1832 1831 1833 XOR
2 1 399 419 1834 XOR
2 1 399 419 1835 AND
2 1 398 418 1836 XOR
2 1 1836 1835 1837 XOR
2 1 398 418 1838 AND
2 1 1836 1835 1839 AND
2 1 1838 1839 1840 LOR
2 1 397 417 1841 XOR
2 1 1841 1840 1842 XOR
2 1 397 417 1843 AND
2 1 1841 1840 1844 AND
2 1 1843 1844 1845 LOR
2 1 396 416 1846 XOR
2 1 1846 1845 1847 XOR
2 1 396 416 1848 AND
2 1 1846 1845 1849 AND
2 1 1848 1849 1850 LOR
2 1 395 415 1851 XOR
2 1 1851 1850 1852 XOR
2 1 395 415 1853 AND
2 1 1851 1850 1854 AND
2 1 1853 1854 1855 LOR
2 1 394 414 1856 XOR
2 1 1856 1855 1857 XOR
2 1 394 414 1858 AND
2 1 1856 1855 1859 AND
2 1 1858 1859 1860 LOR
2 1 393 413 1861 XOR
2 1 1861 1860 1862 XOR
2 1 393 413 1863 AND
2 1 1861 1860 1864 AND
2 1 1863 1864 1865 LOR
2 1 392 412 1866 XOR
2 1 1866 1865 1867 XOR
2 1 392 412 1868 AND
2 1 1866 1865 1869 AND
2 1 1868 1869 1870 LOR
2 1 391 411 1871 XOR
2 1 1871 1870 1872 XOR
2 1 391 411 1873 AND
2 1 1871 1870 1874 AND
2 1 1873 1874 1875 LOR
2 1 390 410 1876 XOR
2 1 1876 1875 1877 XOR
2 1 390 410 1878 AND
2 1 1876 1875 1879 AND
2 1 1878 1879 1880 LOR
2 1 389 409 1881 XOR
2 1 1881 1880 1882 XOR
2 1 389 409 1883 AND
2 1 1881 1880 1884 AND
2 1 1883 1884 1885 LOR
2 1 388 408 1886 XOR
2 1 1886 1885 1887 XOR
2 1 388 408 1888 AND
2 1 1886 1885 1889 AND
2 1 1888 1889 1890 LOR
2 1 387 407 1891 XOR
2 1 1891 1890 1892 XOR
2 1 387 407 1893 AND
2 1 1891 1890 1894 AND
2 1 1893 1894 1895 LOR
2 1 386 406 1896 XOR
2 1 1896 1895 1897 XOR
2 1 386 406 1898 AND
2 1 1896 1895 1899 AND
2 1 1898 1899 1900 LOR
2 1 385 405 1901 XOR
2 1 1901 1900 1902 XOR
2 1 385 405 1903 AND
2 1 1901 1900 1904 AND
2 1 1903 1904 1905 LOR
2 1 384 404 1906 XOR
2 1 1906 1905 1907 XOR
2 1 384 404 1908 AND
2 1 1906 1905 1909 AND
2 1 1908 1909 1910 LOR
2 1 383 403 1911 XOR
2 1 1911 1910 1912 XOR
2 1 383 403 1913 AND
2 1 1911 1910 1914 AND
2 1 1913 1914 1915 LOR
2 1 382 402 1916 XOR
2 1 1916 1915 1917 XOR
2 1 382 402 1918 AND
2 1 1916 1915 1919 AND
2 1 1918 1919 1920 LOR
2 1 381 401 1921 XOR
2 1 1921 1920 1922 XOR
2 1 436 454 1923 XOR
2 1 436 454 1924 AND
2 1 435 453 1925 XOR
2 1 1925 1924 1926 XOR
2 1 435 453 1927 AND
2 1 1925 1924 1928 AND
2 1 1927 1928 1929 LOR
2 1 434 452 1930 XOR
2 1 1930 1929 1931 XOR
2 1 434 452 1932 AND
2 1 1930 1929 1933 AND
2 1 1932 1933 1934 LOR
2 1 433 451 1935 XOR
2 1 1935 1934 1936 XOR
2 1 433 451 1937 AND
2 1 1935 1934 1938 AND
2 1 1937 1938 1939 LOR
2 1 432 450 1940 XOR
2 1 1940 1939 1941 XOR
2 1 432 450 1942 AND
2 1 1940 1939 1943 AND
2 1 1942 1943 1944 LOR
2 1 431 449 1945 XOR
2 1 1945 1944 1946 XOR
2 1 431 449 1947 AND
2 1 1945 1944 1948 AND
2 1 1947 1948 1949 LOR
2 1 430 448 1950 XOR
2 1 1950 1949 1951 XOR
2 1 430 448 1952 AND
2 1 1950 1949 1953 AND
2 1 1952 1953 1954 LOR
2 1 429 447 1955 XOR
2 1 1955 1954 1956 XOR
2 1 429 447 1957 AND
2 1 1955 1954 1958 AND
2 1 1957 1958 1959 LOR
2 1 428 446 1960 XOR
2 1 1960 1959 1961 XOR
2 1 428 446 1962 AND
2 1 1960 1959 1963 AND
2 1 1962 1963 1964 LOR
2 1 427 445 1965 XOR
2 1 1965 1964 1966 XOR
2 1 427 445 1967 AND
2 1 1965 1964 1968 AND
2 1 1967 1968 1969 LOR
2 1 426 444 1970 XOR
2 1 1970 1969 1971 XOR
2 1 426 444 1972 AND
2 1 1970 1969 1973 AND
2 1 1972 1973 1974 LOR
2 1 425 443 1975 XOR
2 1 1975 1974 1976 XOR
2 1 425 443 1977 AND
2 1 1975 1974 1978 AND
2 1 1977 1978 1979 LOR
2 1 424 442 1980 XOR
2 1 1980 1979 1981 XOR
2 1 424 442 1982 AND
2 1 1980 1979 1983 AND
2 1 1982 1983 1984 LOR
2 1 423 441 1985 XOR
2 1 1985 1984 1986 XOR
2 1 423 441 1987 AND
2 1 1985 1984 1988 AND
2 1 1987 1988 1989 LOR
2 1 422 440 1990 XOR
2 1 1990 1989 1991 XOR
2 1 422 440 1992 AND
2 1 1990 1989 1993 AND
2 1 1992 1993 1994 LOR
2 1 421 439 1995 XOR
2 1 1995 1994 1996 XOR
2 1 421 439 1997 AND
2 1 1995 1994 1998 AND
2 1 1997 1998 1999 LOR
2 1 420 438 2000 XOR
2 1 2000 1999 2001 XOR
2 1 1837 437 2002 XOR
2 1 1837 437 2003 AND
2 1 1842 1923 2004 XOR
2 1 2004 2003 2005 XOR
2 1 1842 1923 2006 AND
2 1 2004 2003 2007 AND
2 1 2006 2007 2008 LOR
2 1 1847 1926 2009 XOR
2 1 2009 2008 2010 XOR
2 1 1847 1926 2011 AND
2 1 2009 2008 2012 AND
2 1 2011 2012 2013 LOR
2 1 1852 1931 2014 XOR
2 1 2014 2013 2015 XOR
2 1 1852 1931 2016 AND
2 1 2014 2013 2017 AND
2 1 2016 2017 2018 LOR
2 1 1857 1936 2019 XOR
2 1 2019 2018 2020 XOR
2 1 1857 1936 2021 AND
2 1 2019 2018 2022 AND
2 1 2021 2022 2023 LOR
2 1 1862 1941 2024 XOR
2 1 2024 2023 2025 XOR
2 1 1862 1941 2026 AND
2 1 2024 2023 2027 AND
2 1 2026 2027 2028 LOR
2 1 1867 1946 2029 XOR
2 1 2029 2028 2030 XOR
2 1 1867 1946 2031 AND
2 1 2029 2028 2032 AND
2 1 2031 2032 2033 LOR
2 1 1872 1951 2034 XOR
2 1 2034 2033 2035 XOR
2 1 1872 1951 2036 AND
2 1 2034 2033 2037 AND
2 1 2036 2037 2038 LOR
2 1 1877 1956 2039 XOR
2 1 2039 2038 2040 XOR
2 1 1877 1956 2041 AND
2 1 2039 2038 2042 AND
2 1 2041 2042 2043 LOR
2 1 1882 1961 2044 XOR
2 1 2044 2043 2045 XOR
2 1 1882 1961 2046 AND
2 1 2044 2043 2047 AND
2 1 2046 2047 2048 LOR
2 1 1887 1966 2049 XOR
2 1 2049 2048 2050 XOR
2 1 1887 1966 2051 AND
2 1 2049 2048 2052 AND
2 1 2051 2052 2053 LOR
2 1 1892 1971 2054 XOR
2 1 2054 2053 2055 XOR
2 1 1892 1971 2056 AND
2 1 2054 2053 2057 AND
2 1 2056 2057 2058 LOR
2 1 1897 1976 2059 XOR
2 1 2059 2058 2060 XOR
2 1 1897 1976 2061 AND
2 1 2059 2058 2062 AND
2 1 2061 2062 2063 LOR
2 1 1902 1981 2064 XOR
2 1 2064 2063 2065 XOR
2 1 1902 1981 2066 AND
2 1 2064 2063 2067 AND
2 1 2066 2067 2068 LOR
2 1 1907 1986 2069 XOR
2 1 2069 2068 2070 XOR
2 1 1907 1986 2071 AND
2 1 2069 2068 2072 AND
2 1 2071 2072 2073 LOR
2 1 1912 1991 2074 XOR
2 1 2074 2073 2075 XOR
2 1 1912 1991 2076 AND
2 1 2074 2073 2077 AND
2 1 2076 2077 2078 LOR
2 1 1917 1996 2079 XOR
2 1 2079 2078 2080 XOR
2 1 1917 1996 2081 AND
2 1 2079 2078 2082 AND
2 1 2081 2082 2083 LOR
2 1 1922 2001 2084 XOR
2 1 2084 2083 2085 XOR
2 1 1738 400 2086 XOR
2 1 1738 400 2087 AND
2 1 1743 1834 2088 XOR
2 1 2088 2087 2089 XOR
2 1 1743 1834 2090 AND
2 1 2088 2087 2091 AND
2 1 2090 2091 2092 LOR
2 1 1748 2002 2093 XOR
2 1 2093 2092 2094 XOR
2 1 1748 2002 2095 AND
2 1 2093 2092 2096 AND
2 1 2095 2096 2097 LOR
2 1 1753 2005 2098 XOR
2 1 2098 2097 2099 XOR
2 1 1753 2005 2100 AND
2 1 2098 2097 2101 AND
2 1 2100 2101 2102 LOR
2 1 1758 2010 2103 XOR
2 1 2103 2102 2104 XOR
2 1 1758 2010 2105 AND
2 1 2103 2102 2106 AND
2 1 2105 2106 2107 LOR
2 1 1763 2015 2108 XOR
2 1 2108 2107 2109 XOR
2 1 1763 2015 2110 AND
2 1 2108 2107 2111 AND
2 1 2110 2111 2112 LOR
2 1 1768 2020 2113 XOR
2 1 2113 2112 2114 XOR
2 1 1768 2020 2115 AND
2 1 2113 2112 2116 AND
2 1 2115 2116 2117 LOR
2 1 1773 2025 2118 XOR
2 1 2118 2117 2119 XOR
2 1 1773 2025 2120 AND
2 1 2118 2117 2121 AND
2 1 2120 2121 2122 LOR
2 1 1778 2030 2123 XOR
2 1 2123 2122 2124 XOR
2 1 1778 2030 2125 AND
2 1 2123 2122 2126 AND
2 1 2125 2126 2127 LOR
2 1 1783 2035 2128 XOR
2 1 2128 2127 2129 XOR
2 1 1783 2035 2130 AND
2 1 2128 2127 2131 AND
2 1 2130 2131 2132 LOR
2 1 1788 2040 2133 XOR
2 1 2133 2132 2134 XOR
2 1 1788 2040 2135 AND
2 1 2133 2132 2136 AND
2 1 2135 2136 2137 LOR
2 1 1793 2045 2138 XOR
2 1 2138 2137 2139 XOR
2 1 1793 2045 2140 AND
2 1 2138 2137 2141 AND
2 1 2140 2141 2142 LOR
2 1 1798 2050 2143 XOR
2 1 2143 2142 2144 XOR
2 1 1798 2050 2145 AND
2 1 2143 2142 2146 AND
2 1 2145 2146 2147 LOR
2 1 1803 2055 2148 XOR
2 1 2148 2147 2149 XOR
2 1 1803 2055 2150 AND
2 1 2148 2147 2151 AND
2 1 2150 2151 2152 LOR
2 1 1808 2060 2153 XOR
2 1 2153 2152 2154 XOR
2 1 1808 2060 2155 AND
2 1 2153 2152 2156 AND
2 1 2155 2156 2157 LOR
2 1 1813 2065 2158 XOR
2 1 2158 2157 2159 XOR
2 1 1813 2065 2160 AND
2 1 2158 2157 2161 AND
2 1 2160 2161 2162 LOR
2 1 1818 2070 2163 XOR
2 1 2163 2162 2164 XOR
2 1 1818 2070 2165 AND
2 1 2163 2162 2166 AND
2 1 2165 2166 2167 LOR
2 1 1823 2075 2168 XOR
2 1 2168 2167 2169 XOR
2 1 1823 2075 2170 AND
2 1 2168 2167 2171 AND
2 1 2170 2171 2172 LOR
2 1 1828 2080 2173 XOR
2 1 2173 2172 2174 XOR
2 1 1828 2080 2175 AND
2 1 2173 2172 2176 AND
2 1 2175 2176 2177 LOR
2 1 1833 2085 2178 XOR
2 1 2178 2177 2179 XOR
2 1 1406 314 2180 AND
2 1 1411 1522 2181 XOR
2 1 1411 1522 2182 AND
2 1 2181 2180 2183 AND
2 1 2182 2183 2184 LOR
2 1 1416 1730 2185 XOR
2 1 1416 1730 2186 AND
2 1 2185 2184 2187 AND
2 1 2186 2187 2188 LOR
2 1 1421 1733 2189 XOR
2 1 1421 1733 2190 AND
2 1 2189 2188 2191 AND
2 1 2190 2191 2192 LOR
2 1 1426 2086 2193 XOR
2 1 1426 2086 2194 AND
2 1 2193 2192 2195 AND
2 1 2194 2195 2196 LOR
2 1 1431 2089 2197 XOR
2 1 1431 2089 2198 AND
2 1 2197 2196 2199 AND
2 1 2198 2199 2200 LOR
2 1 1436 2094 2201 XOR
2 1 1436 2094 2202 AND
2 1 2201 2200 2203 AND
2 1 2202 2203 2204 LOR
2 1 1441 2099 2205 XOR
2 1 1441 2099 2206 AND
2 1 2205 2204 2207 AND
2 1 2206 2207 2208 LOR
2 1 1446 2104 2209 XOR
2 1 2209 2208 2210 XOR
2 1 1446 2104 2211 AND
2 1 2209 2208 2212 AND
2 1 2211 2212 2213 LOR
2 1 1451 2109 2214 XOR
2 1 2214 2213 2215 XOR
2 1 1451 2109 2216 AND
2 1 2214 2213 2217 AND
2 1 2216 2217 2218 LOR
2 1 1456 2114 2219 XOR
2 1 2219 2218 2220 XOR
2 1 1456 2114 2221 AND
2 1 2219 2218 2222 AND
2 1 2221 2222 2223 LOR
2 1 1461 2119 2224 XOR
2 1 2224 2223 2225 XOR
2 1 1461 2119 2226 AND
2 1 2224 2223 2227 AND
2 1 2226 2227 2228 LOR
2 1 1466 2124 2229 XOR
2 1 2229 2228 2230 XOR
2 1 1466 2124 2231 AND
2 1 2229 2228 2232 AND
2 1 2231 2232 2233 LOR
2 1 1471 2129 2234 XOR
2 1 2234 2233 2235 XOR
2 1 1471 2129 2236 AND
2 1 2234 2233 2237 AND
2 1 2236 2237 2238 LOR
2 1 1476 2134 2239 XOR
2 1 2239 2238 2240 XOR
2 1 1476 2134 2241 AND
2 1 2239 2238 2242 AND
2 1 2241 2242 2243 LOR
2 1 1481 2139 2244 XOR
2 1 2244 2243 2245 XOR
2 1 1481 2139 2246 AND
2 1 2244 2243 2247 AND
2 1 2246 2247 2248 LOR
2 1 1486 2144 2249 XOR
2 1 2249 2248 2250 XOR
2 1 1486 2144 2251 AND
2 1 2249 2248 2252 AND
2 1 2251 2252 2253 LOR
2 1 1491 2149 2254 XOR
2 1 2254 2253 2255 XOR
2 1 1491 2149 2256 AND
2 1 2254 2253 2257 AND
2 1 2256 2257 2258 LOR
2 1 1496 2154 2259 XOR
2 1 2259 2258 2260 XOR
2 1 1496 2154 2261 AND
2 1 2259 2258 2262 AND
2 1 2261 2262 2263 LOR
2 1 1501 2159 2264 XOR
2 1 2264 2263 2265 XOR
2 1 1501 2159 2266 AND
2 1 2264 2263 2267 AND
2 1 2266 2267 2268 LOR
2 1 1506 2164 2269 XOR
2 1 2269 2268 2270 XOR
2 1 1506 2164 2271 AND
2 1 2269 2268 2272 AND
2 1 2271 2272 2273 LOR
2 1 1511 2169 2274 XOR
2 1 2274 2273 2275 XOR
2 1 1511 2169 2276 AND
2 1 2274 2273 2277 AND
2 1 2276 2277 2278 LOR
2 1 1516 2174 2279 XOR
2 1 2279 2278 2280 XOR
2 1 1516 2174 2281 AND
2 1 2279 2278 2282 AND
2 1 2281 2282 2283 LOR
2 1 1521 2179 2284 XOR
2 1 2284 2283 2285 XOR
2 1 469 485 2286 XOR
2 1 469 485 2287 AND
2 1 468 484 2288 XOR
2 1 2288 2287 2289 XOR
2 1 468 484 2290 AND
2 1 2288 2287 2291 AND
2 1 2290 2291 2292 LOR
2 1 467 483 2293 XOR
2 1 2293 2292 2294 XOR
2 1 467 483 2295 AND
2 1 2293 2292 2296 AND
2 1 2295 2296 2297 LOR
2 1 466 482 2298 XOR
2 1 2298 2297 2299 XOR
2 1 466 482 2300 AND
2 1 2298 2297 2301 AND
2 1 2300 2301 2302 LOR
2 1 465 481 2303 XOR
2 1 2303 2302 2304 XOR
2 1 465 481 2305 AND
2 1 2303 2302 2306 AND
2 1 2305 2306 2307 LOR
2 1 464 480 2308 XOR
2 1 2308 2307 2309 XOR
2 1 464 480 2310 AND
2 1 2308 2307 2311 AND
2 1 2310 2311 2312 LOR
2 1 463 479 2313 XOR
2 1 2313 2312 2314 XOR
2 1 463 479 2315 AND
2 1 2313 2312 2316 AND
2 1 2315 2316 2317 LOR
2 1 462 478 2318 XOR
2 1 2318 2317 2319 XOR
2 1 462 478 2320 AND
2 1 2318 2317 2321 AND
2 1 2320 2321 2322 LOR
2 1 461 477 2323 XOR
2 1 2323 2322 2324 XOR
2 1 461 477 2325 AND
2 1 2323 2322 2326 AND
2 1 2325 2326 2327 LOR
2 1 460 476 2328 XOR
2 1 2328 2327 2329 XOR
2 1 460 476 2330 AND
2 1 2328 2327 2331 AND
2 1 2330 2331 2332 LOR
2 1 459 475 2333 XOR
2 1 2333 2332 2334 XOR
2 1 459 475 2335 AND
2 1 2333 2332 2336 AND
2 1 2335 2336 2337 LOR
2 1 458 474 2338 XOR
2 1 2338 2337 2339 XOR
2 1 458 474 2340 AND
2 1 2338 2337 2341 AND
2 1 2340 2341 2342 LOR
2 1 457 473 2343 XOR
2 1 2343 2342 2344 XOR
2 1 457 473 2345 AND
2 1 2343 2342 2346 AND
2 1 2345 2346 2347 LOR
2 1 456 472 2348 XOR
2 1 2348 2347 2349 XOR
2 1 456 472 2350 AND
2 1 2348 2347 2351 AND
2 1 2350 2351 2352 LOR
2 1 455 471 2353 XOR
2 1 2353 2352 2354 XOR
2 1 498 512 2355 XOR
2 1 498 512 2356 AND
2 1 497 511 2357 XOR
2 1 2357 2356 2358 XOR
2 1 497 511 2359 AND
2 1 2357 2356 2360 AND
2 1 2359 2360 2361 LOR
2 1 496 510 2362 XOR
2 1 2362 2361 2363 XOR
2 1 496 510 2364 AND
2 1 2362 2361 2365 AND
2 1 2364 2365 2366 LOR
2 1 495 509 2367 XOR
2 1 2367 2366 2368 XOR
2 1 495 509 2369 AND
2 1 2367 2366 2370 AND
2 1 2369 2370 2371 LOR
2 1 494 508 2372 XOR
2 1 2372 2371 2373 XOR
2 1 494 508 2374 AND
2 1 2372 2371 2375 AND
2 1 2374 2375 2376 LOR
2 1 493 507 2377 XOR
2 1 2377 2376 2378 XOR
2 1 493 507 2379 AND
2 1 2377 2376 2380 AND
2 1 2379 2380 2381 LOR
2 1 492 506 2382 XOR
2 1 2382 2381 2383 XOR
2 1 492 506 2384 AND
2 1 2382 2381 2385 AND
2 1 2384 2385 2386 LOR
2 1 491 505 2387 XOR
2 1 2387 2386 2388 XOR
2 1 491 505 2389 AND
2 1 2387 2386 2390 AND
2 1 2389 2390 2391 LOR
2 1 490 504 2392 XOR
2 1 2392 2391 2393 XOR
2 1 490 504 2394 AND
2 1 2392 2391 2395 AND
2 1 2394 2395 2396 LOR
2 1 489 503 2397 XOR
2 1 2397 2396 2398 XOR
2 1 489 503 2399 AND
2 1 2397 2396 2400 AND
2 1 2399 2400 2401 LOR
2 1 488 502 2402 XOR
2 1 2402 2401 2403 XOR
2 1 488 502 2404 AND
2 1 2402 2401 2405 AND
2 1 2404 2405 2406 LOR
2 1 487 501 2407 XOR
2 1 2407 2406 2408 XOR
2 1 487 501 2409 AND
2 1 2407 2406 2410 AND
2 1 2409 2410 2411 LOR
2 1 486 500 2412 XOR
2 1 2412 2411 2413 XOR
2 1 2289 499 2414 XOR
2 1 2289 499 2415 AND
2 1 2294 2355 2416 XOR
2 1 2416 2415 2417 XOR
2 1 2294 2355 2418 AND
2 1 2416 2415 2419 AND
2 1 2418 2419 2420 LOR
2 1 2299 2358 2421 XOR
2 1 2421 2420 2422 XOR
2 1 2299 2358 2423 AND
2 1 2421 2420 2424 AND
2 1 2423 2424 2425 LOR
2 1 2304 2363 2426 XOR
2 1 2426 2425 2427 XOR
2 1 2304 2363 2428 AND
2 1 2426 2425 2429 AND
2 1 2428 2429 2430 LOR
2 1 2309 2368 2431 XOR
2 1 2431 2430 2432 XOR
2 1 2309 2368 2433 AND
2 1 2431 2430 2434 AND
2 1 2433 2434 2435 LOR
2 1 2314 2373 2436 XOR
2 1 2436 2435 2437 XOR
2 1 2314 2373 2438 AND
2 1 2436 2435 2439 AND
2 1 2438 2439 2440 LOR
2 1 2319 2378 2441 XOR
2 1 2441 2440 2442 XOR
2 1 2319 2378 2443 AND
2 1 2441 2440 2444 AND
2 1 2443 2444 2445 LOR
2 1 2324 2383 2446 XOR
2 1 2446 2445 2447 XOR
2 1 2324 2383 2448 AND
2 1 2446 2445 2449 AND
2 1 2448 2449 2450 LOR
2 1 2329 2388 2451 XOR
2 1 2451 2450 2452 XOR
2 1 2329 2388 2453 AND
2 1 2451 2450 2454 AND
2 1 2453 2454 2455 LOR
2 1 2334 2393 2456 XOR
2 1 2456 2455 2457 XOR
2 1 2334 2393 2458 AND
2 1 2456 2455 2459 AND
2 1 2458 2459 2460 LOR
2 1 2339 2398 2461 XOR
2 1 2461 2460 2462 XOR
2 1 2339 2398 2463 AND
2 1 2461 2460 2464 AND
2 1 2463 2464 2465 LOR
2 1 2344 2403 2466 XOR
2 1 2466 2465 2467 XOR
2 1 2344 2403 2468 AND
2 1 2466 2465 2469 AND
2 1 2468 2469 2470 LOR
2 1 2349 2408 2471 XOR
2 1 2471 2470 2472 XOR
2 1 2349 2408 2473 AND
2 1 2471 2470 2474 AND
2 1 2473 2474 2475 LOR
2 1 2354 2413 2476 XOR
2 1 2476 2475 2477 XOR
2 1 523 535 2478 XOR
2 1 523 535 2479 AND
2 1 522 534 2480 XOR
2 1 2480 2479 2481 XOR
2 1 522 534 2482 AND
2 1 2480 2479 2483 AND
2 1 2482 2483 2484 LOR
2 1 521 533 2485 XOR
2 1 2485 2484 2486 XOR
2 1 521 533 2487 AND
2 1 2485 2484 2488 AND
2 1 2487 2488 2489 LOR
2 1 520 532 2490 XOR
2 1 2490 2489 2491 XOR
2 1 520 532 2492 AND
2 1 2490 2489 2493 AND
2 1 2492 2493 2494 LOR
2 1 519 531 2495 XOR
2 1 2495 2494 2496 XOR
2 1 519 531 2497 AND
2 1 2495 2494 2498 AND
2 1 2497 2498 2499 LOR
2 1 518 530 2500 XOR
2 1 2500 2499 2501 XOR
2 1 518 530 2502 AND
2 1 2500 2499 2503 AND
2 1 2502 2503 2504 LOR
2 1 517 529 2505 XOR
2 1 2505 2504 2506 XOR
2 1 517 529 2507 AND
2 1 2505 2504 2508 AND
2 1 2507 2508 2509 LOR
2 1 516 528 2510 XOR
2 1 2510 2509 2511 XOR
2 1 516 528 2512 AND
2 1 2510 2509 2513 AND
2 1 2512 2513 2514 LOR
2 1 515 527 2515 XOR
2 1 2515 2514 2516 XOR
2 1 515 527 2517 AND
2 1 2515 2514 2518 AND
2 1 2517 2518 2519 LOR
2 1 514 526 2520 XOR
2 1 2520 2519 2521 XOR
2 1 514 526 2522 AND
2 1 2520 2519 2523 AND
2 1 2522 2523 2524 LOR
2 1 513 525 2525 XOR
2 1 2525 2524 2526 XOR
2 1 544 554 2527 XOR
2 1 544 554 2528 AND
2 1 543 553 2529 XOR
2 1 2529 2528 2530 XOR
2 1 543 553 2531 AND
2 1 2529 2528 2532 AND
2 1 2531 2532 2533 LOR
2 1 542 552 2534 XOR
2 1 2534 2533 2535 XOR
2 1 542 552 2536 AND
2 1 2534 2533 2537 AND
2 1 2536 2537 2538 LOR
2 1 541 551 2539 XOR
2 1 2539 2538 2540 XOR
2 1 541 551 2541 AND
2 1 2539 2538 2542 AND
2 1 2541 2542 2543 LOR
2 1 540 550 2544 XOR
2 1 2544 2543 2545 XOR
2 1 540 550 2546 AND
2 1 2544 2543 2547 AND
2 1 2546 2547 2548 LOR
2 1 539 549 2549 XOR
2 1 2549 2548 2550 XOR
2 1 539 549 2551 AND
2 1 2549 2548 2552 AND
2 1 2551 2552 2553 LOR
2 1 538 548 2554 XOR
2 1 2554 2553 2555 XOR
2 1 538 548 2556 AND
2 1 2554 2553 2557 AND
2 1 2556 2557 2558 LOR
2 1 537 547 2559 XOR
2 1 2559 2558 2560 XOR
2 1 537 547 2561 AND
2 1 2559 2558 2562 AND
2 1 2561 2562 2563 LOR
2 1 536 546 2564 XOR
2 1 2564 2563 2565 XOR
2 1 2481 545 2566 XOR
2 1 2481 545 2567 AND
2 1 2486 2527 2568 XOR
2 1 2568 2567 2569 XOR
2 1 2486 2527 2570 AND
2 1 2568 2567 2571 AND
2 1 2570 2571 2572 LOR
2 1 2491 2530 2573 XOR
2 1 2573 2572 2574 XOR
2 1 2491 2530 2575 AND
2 1 2573 2572 2576 AND
2 1 2575 2576 2577 LOR
2 1 2496 2535 2578 XOR
2 1 2578 2577 2579 XOR
2 1 2496 2535 2580 AND
2 1 2578 2577 2581 AND
2 1 2580 2581 2582 LOR
2 1 2501 2540 2583 XOR
2 1 2583 2582 2584 XOR
2 1 2501 2540 2585 AND
2 1 2583 2582 2586 AND
2 1 2585 2586 2587 LOR
2 1 2506 2545 2588 XOR
2 1 2588 2587 2589 XOR
2 1 2506 2545 2590 AND
2 1 2588 2587 2591 AND
2 1 2590 2591 2592 LOR
2 1 2511 2550 2593 XOR
2 1 2593 2592 2594 XOR
2 1 2511 2550 2595 AND
2 1 2593 2592 2596 AND
2 1 2595 2596 2597 LOR
2 1 2516 2555 2598 XOR
2 1 2598 2597 2599 XOR
2 1 2516 2555 2600 AND
2 1 2598 2597 2601 AND
2 1 2600 2601 2602 LOR
2 1 2521 2560 2603 XOR
2 1 2603 2602 2604 XOR
2 1 2521 2560 2605 AND
2 1 2603 2602 2606 AND
2 1 2605 2606 2607 LOR
2 1 2526 2565 2608 XOR
2 1 2608 2607 2609 XOR
2 1 2422 524 2610 XOR
2 1 2422 524 2611 AND
2 1 2427 2478 2612 XOR
2 1 2612 2611 2613 XOR
2 1 2427 2478 2614 AND
2 1 2612 2611 2615 AND
2 1 2614 2615 2616 LOR
2 1 2432 2566 2617 XOR
2 1 2617 2616 2618 XOR
2 1 2432 2566 2619 AND
2 1 2617 2616 2620 AND
2 1 2619 2620 2621 LOR
2 1 2437 2569 2622 XOR
2 1 2622 2621 2623 XOR
2 1 2437 2569 2624 AND
2 1 2622 2621 2625 AND
2 1 2624 2625 2626 LOR
2 1 2442 2574 2627 XOR
2 1 2627 2626 2628 XOR
2 1 2442 2574 2629 AND
2 1 2627 2626 2630 AND
2 1 2629 2630 2631 LOR
2 1 2447 2579 2632 XOR
2 1 2632 2631 2633 XOR
2 1 2447 2579 2634 AND
2 1 2632 2631 2635 AND
2 1 2634 2635 2636 LOR
2 1 2452 2584 2637 XOR
2 1 2637 2636 2638 XOR
2 1 2452 2584 2639 AND
2 1 2637 2636 2640 AND
2 1 2639 2640 2641 LOR
2 1 2457 2589 2642 XOR
2 1 2642 2641 2643 XOR
2 1 2457 2589 2644 AND
2 1 2642 2641 2645 AND
2 1 2644 2645 2646 LOR
2 1 2462 2594 2647 XOR
2 1 2647 2646 2648 XOR
2 1 2462 2594 2649 AND
2 1 2647 2646 2650 AND
2 1 2649 2650 2651 LOR
2 1 2467 2599 2652 XOR
2 1 2652 2651 2653 XOR
2 1 2467 2599 2654 AND
2 1 2652 2651 2655 AND
2 1 2654 2655 2656 LOR
2 1 2472 2604 2657 XOR
2 1 2657 2656 2658 XOR
2 1 2472 2604 2659 AND
2 1 2657 2656 2660 AND
2 1 2659 2660 2661 LOR
2 1 2477 2609 2662 XOR
2 1 2662 2661 2663 XOR
2 1 561 569 2664 XOR
2 1 561 569 2665 AND
2 1 560 568 2666 XOR
2 1 2666 2665 2667 XOR
2 1 560 568 2668 AND
2 1 2666 2665 2669 AND
2 1 2668 2669 2670 LOR
2 1 559 567 2671 XOR
2 1 2671 2670 2672 XOR
2 1 559 567 2673 AND
2 1 2671 2670 2674 AND
2 1 2673 2674 2675 LOR
2 1 558 566 2676 XOR
2 1 2676 2675 2677 XOR
2 1 558 566 2678 AND
2 1 2676 2675 2679 AND
2 1 2678 2679 2680 LOR
2 1 557 565 2681 XOR
2 1 2681 2680 2682 XOR
2 1 557 565 2683 AND
2 1 2681 2680 2684 AND
2 1 2683 2684 2685 LOR
2 1 556 564 2686 XOR
2 1 2686 2685 2687 XOR
2 1 556 564 2688 AND
2 1 2686 2685 2689 AND
2 1 2688 2689 2690 LOR
2 1 555 563 2691 XOR
2 1 2691 2690 2692 XOR
2 1 574 580 2693 XOR
2 1 574 580 2694 AND
2 1 573 579 2695 XOR
2 1 2695 2694 2696 XOR
2 1 573 579 2697 AND
2 1 2695 2694 2698 AND
2 1 2697 2698 2699 LOR
2 1 572 578 2700 XOR
2 1 2700 2699 2701 XOR
2 1 572 578 2702 AND
2 1 2700 2699 2703 AND
2 1 2702 2703 2704 LOR
2 1 571 577 2705 XOR
2 1 2705 2704 2706 XOR
2 1 571 577 2707 AND
2 1 2705 2704 2708 AND
2 1 2707 2708 2709 LOR
2 1 570 576 2710 XOR
2 1 2710 2709 2711 XOR
2 1 2667 575 2712 XOR
2 1 2667 575 2713 AND
2 1 2672 2693 2714 XOR
2 1 2714 2713 2715 XOR
2 1 2672 2693 2716 AND
2 1 2714 2713 2717 AND
2 1 2716 2717 2718 LOR
2 1 2677 2696 2719 XOR
2 1 2719 2718 2720 XOR
2 1 2677 2696 2721 AND
2 1 2719 2718 2722 AND
2 1 2721 2722 2723 LOR
2 1 2682 2701 2724 XOR
2 1 2724 2723 2725 XOR
2 1 2682 2701 2726 AND
2 1 2724 2723 2727 AND
2 1 2726 2727 2728 LOR
2 1 2687 2706 2729 XOR
2 1 2729 2728 2730 XOR
2 1 2687 2706 2731 AND
2 1 2729 2728 2732 AND
2 1 2731 2732 2733 LOR
2 1 2692 2711 2734 XOR
2 1 2734 2733 2735 XOR
2 1 583 587 2736 XOR
2 1 583 587 2737 AND
2 1 582 586 2738 XOR
2 1 2738 2737 2739 XOR
2 1 582 586 2740 AND
2 1 2738 2737 2741 AND
2 1 2740 2741 2742 LOR
2 1 581 585 2743 XOR
2 1 2743 2742 2744 XOR
2 1 588 590 2745 XOR
2 1 2739 589 2746 XOR
2 1 2739 589 2747 AND
2 1 2744 2745 2748 XOR
2 1 2748 2747 2749 XOR
2 1 2720 584 2750 XOR
2 1 2720 584 2751 AND
2 1 2725 2736 2752 XOR
2 1 2752 2751 2753 XOR
2 1 2725 2736 2754 AND
2 1 2752 2751 2755 AND
2 1 2754 2755 2756 LOR
2 1 2730 2746 2757 XOR
2 1 2757 2756 2758 XOR
2 1 2730 2746 2759 AND
2 1 2757 2756 2760 AND
2 1 2759 2760 2761 LOR
2 1 2735 2749 2762 XOR
2 1 2762 2761 2763 XOR
2 1 2628 562 2764 XOR
2 1 2628 562 2765 AND
2 1 2633 2664 2766 XOR
2 1 2766 2765 2767 XOR
2 1 2633 2664 2768 AND
2 1 2766 2765 2769 AND
2 1 2768 2769 2770 LOR
2 1 2638 2712 2771 XOR
2 1 2771 2770 2772 XOR
2 1 2638 2712 2773 AND
2 1 2771 2770 2774 AND
2 1 2773 2774 2775 LOR
2 1 2643 2715 2776 XOR
2 1 2776 2775 2777 XOR
2 1 2643 2715 2778 AND
2 1 2776 2775 2779 AND
2 1 2778 2779 2780 LOR
2 1 2648 2750 2781 XOR
2 1 2781 2780 2782 XOR
2 1 2648 2750 2783 AND
2 1 2781 2780 2784 AND
2 1 2783 2784 2785 LOR
2 1 2653 2753 2786 XOR
2 1 2786 2785 2787 XOR
2 1 2653 2753 2788 AND
2 1 2786 2785 2789 AND
2 1 2788 2789 2790 LOR
2 1 2658 2758 2791 XOR
2 1 2791 2790 2792 XOR
2 1 2658 2758 2793 AND
2 1 2791 2790 2794 AND
2 1 2793 2794 2795 LOR
2 1 2663 2763 2796 XOR
2 1 2796 2795 2797 XOR
2 1 2210 470 2798 AND
2 1 2215 2286 2799 XOR
2 1 2215 2286 2800 AND
2 1 2799 2798 2801 AND
2 1 2800 2801 2802 LOR
2 1 2220 2414 2803 XOR
2 1 2220 2414 2804 AND
2 1 2803 2802 2805 AND
2 1 2804 2805 2806 LOR
2 1 2225 2417 2807 XOR
2 1 2225 2417 2808 AND
2 1 2807 2806 2809 AND
2 1 2808 2809 2810 LOR
2 1 2230 2610 2811 XOR
2 1 2230 2610 2812 AND
2 1 2811 2810 2813 AND
2 1 2812 2813 2814 LOR
2 1 2235 2613 2815 XOR
2 1 2235 2613 2816 AND
2 1 2815 2814 2817 AND
2 1 2816 2817 2818 LOR
2 1 2240 2618 2819 XOR
2 1 2240 2618 2820 AND
2 1 2819 2818 2821 AND
2 1 2820 2821 2822 LOR
2 1 2245 2623 2823 XOR
2 1 2245 2623 2824 AND
2 1 2823 2822 2825 AND
2 1 2824 2825 2826 LOR
2 1 2250 2764 2827 XOR
2 1 2250 2764 2828 AND
2 1 2827 2826 2829 AND
2 1 2828 2829 2830 LOR
2 1 2255 2767 2831 XOR
2 1 2255 2767 2832 AND
2 1 2831 2830 2833 AND
2 1 2832 2833 2834 LOR
2 1 2260 2772 2835 XOR
2 1 2260 2772 2836 AND
2 1 2835 2834 2837 AND
2 1 2836 2837 2838 LOR
2 1 2265 2777 2839 XOR
2 1 2265 2777 2840 AND
2 1 2839 2838 2841 AND
2 1 2840 2841 2842 LOR
2 1 2270 2782 2843 XOR
2 1 2270 2782 2844 AND
2 1 2843 2842 2845 AND
2 1 2844 2845 2846 LOR
2 1 2275 2787 2847 XOR
2 1 2275 2787 2848 AND
2 1 2847 2846 2849 AND
2 1 2848 2849 2850 LOR
2 1 2280 2792 2851 XOR
2 1 2280 2792 2852 AND
2 1 2851 2850 2853 AND
2 1 2852 2853 2854 LOR
2 1 2285 2797 2855 XOR
2 1 2855 2854 2856 XOR
2 1 2851 2850 2857 XOR
2 1 2847 2846 2858 XOR
2 1 2843 2842 2859 XOR
2 1 2839 2838 2860 XOR
2 1 2835 2834 2861 XOR
2 1 2831 2830 2862 XOR
2 1 2827 2826 2863 XOR
2 1 2823 2822 2864 XOR
2 1 2819 2818 2865 XOR
2 1 2815 2814 2866 XOR
2 1 2811 2810 2867 XOR
2 1 2807 2806 2868 XOR
2 1 2803 2802 2869 XOR
2 1 2799 2798 2870 XOR
2 1 2210 470 2871 XOR
2 1 2205 2204 2872 XOR
2 1 2201 2200 2873 XOR
2 1 2197 2196 2874 XOR
2 1 2193 2192 2875 XOR
2 1 2189 2188 2876 XOR
2 1 2185 2184 2877 XOR
2 1 2181 2180 2878 XOR
2 1 1406 314 2879 XOR
2 1 1401 1400 2880 XOR
2 1 1397 1396 2881 XOR
2 1 1393 1392 2882 XOR
2 1 884 212 2883 XOR
2 1 879 878 2884 XOR
2 1 593 155 2885 XOR
2 1 94 125 2886 XOR
2 1 31 63 2887 AND