401 405
1 4
1 195
1 1 1 4 INV
1 1 4 5 INV
1 1 2 6 INV
1 1 6 7 INV
1 1 0 8 INV
1 1 5 9 INV
1 1 8 10 INV
1 1 9 11 INV
1 1 11 12 INV
2 1 0 12 13 AND
1 1 13 14 INV
2 1 5 10 15 AND
2 1 14 15 16 XOR
2 1 10 12 17 AND
2 1 16 17 18 XOR
1 1 8 19 INV
1 1 19 20 INV
1 1 8 21 INV
1 1 3 22 INV
2 1 7 22 23 AND
1 1 23 24 INV
2 1 3 7 25 AND
2 1 24 25 26 XOR
2 1 7 22 27 AND
2 1 26 27 28 XOR
1 1 22 29 INV
1 1 28 30 INV
1 1 22 31 INV
1 1 21 32 INV
1 1 29 33 INV
2 1 18 20 34 XOR
2 1 34 32 35 XOR
2 1 30 31 36 XOR
2 1 36 33 37 XOR
2 1 18 37 38 AND
1 1 38 39 INV
2 1 28 35 40 AND
2 1 39 40 41 XOR
2 1 35 37 42 AND
2 1 41 42 43 XOR
2 1 18 20 44 XOR
2 1 44 32 45 XOR
2 1 30 31 46 XOR
2 1 46 33 47 XOR
2 1 20 47 48 AND
1 1 48 49 INV
2 1 22 45 50 AND
2 1 49 50 51 XOR
2 1 18 20 52 XOR
2 1 52 32 53 XOR
2 1 30 31 54 XOR
2 1 54 33 55 XOR
2 1 21 55 56 AND
1 1 56 57 INV
2 1 29 53 58 AND
2 1 57 58 59 XOR
2 1 43 51 60 XOR
1 1 0 61 INV
2 1 0 61 62 LOR
1 1 62 63 INV
1 1 63 64 INV
1 1 63 65 INV
1 1 63 66 INV
1 1 63 67 INV
1 1 63 68 INV
1 1 63 69 INV
1 1 63 70 INV
1 1 63 71 INV
1 1 63 72 INV
1 1 63 73 INV
1 1 63 74 INV
1 1 63 75 INV
1 1 63 76 INV
1 1 63 77 INV
1 1 63 78 INV
1 1 63 79 INV
1 1 63 80 INV
1 1 63 81 INV
1 1 63 82 INV
1 1 63 83 INV
1 1 63 84 INV
1 1 63 85 INV
1 1 63 86 INV
1 1 63 87 INV
1 1 63 88 INV
1 1 63 89 INV
1 1 63 90 INV
1 1 63 91 INV
1 1 63 92 INV
1 1 63 93 INV
1 1 63 94 INV
1 1 63 95 INV
1 1 63 96 INV
1 1 63 97 INV
1 1 63 98 INV
1 1 63 99 INV
1 1 63 100 INV
1 1 63 101 INV
1 1 63 102 INV
1 1 63 103 INV
1 1 63 104 INV
1 1 63 105 INV
1 1 63 106 INV
1 1 63 107 INV
1 1 63 108 INV
1 1 63 109 INV
1 1 63 110 INV
1 1 63 111 INV
1 1 63 112 INV
1 1 63 113 INV
1 1 63 114 INV
1 1 63 115 INV
1 1 63 116 INV
1 1 63 117 INV
1 1 63 118 INV
1 1 63 119 INV
1 1 63 120 INV
1 1 63 121 INV
1 1 63 122 INV
1 1 63 123 INV
1 1 63 124 INV
1 1 63 125 INV
1 1 63 126 INV
1 1 63 127 INV
1 1 63 128 INV
1 1 63 129 INV
1 1 63 130 INV
1 1 63 131 INV
1 1 63 132 INV
1 1 63 133 INV
1 1 63 134 INV
1 1 63 135 INV
1 1 63 136 INV
1 1 63 137 INV
1 1 63 138 INV
1 1 63 139 INV
1 1 63 140 INV
1 1 63 141 INV
1 1 63 142 INV
1 1 63 143 INV
1 1 63 144 INV
1 1 63 145 INV
1 1 63 146 INV
1 1 63 147 INV
1 1 63 148 INV
1 1 63 149 INV
1 1 63 150 INV
1 1 63 151 INV
1 1 63 152 INV
1 1 63 153 INV
1 1 63 154 INV
1 1 63 155 INV
1 1 63 156 INV
1 1 63 157 INV
1 1 63 158 INV
1 1 63 159 INV
1 1 63 160 INV
1 1 63 161 INV
1 1 63 162 INV
1 1 63 163 INV
1 1 63 164 INV
1 1 63 165 INV
1 1 63 166 INV
1 1 63 167 INV
1 1 63 168 INV
1 1 63 169 INV
1 1 63 170 INV
1 1 63 171 INV
1 1 63 172 INV
1 1 63 173 INV
1 1 63 174 INV
1 1 63 175 INV
1 1 63 176 INV
1 1 63 177 INV
1 1 63 178 INV
1 1 63 179 INV
1 1 63 180 INV
1 1 63 181 INV
1 1 63 182 INV
1 1 63 183 INV
1 1 63 184 INV
1 1 63 185 INV
1 1 63 186 INV
1 1 63 187 INV
1 1 63 188 INV
1 1 63 189 INV
1 1 63 190 INV
1 1 63 191 INV
1 1 63 192 INV
1 1 63 193 INV
1 1 63 194 INV
1 1 63 195 INV
1 1 63 196 INV
1 1 63 197 INV
1 1 63 198 INV
1 1 63 199 INV
1 1 63 200 INV
1 1 63 201 INV
1 1 63 202 INV
1 1 63 203 INV
1 1 63 204 INV
1 1 63 205 INV
1 1 63 206 INV
1 1 63 207 INV
1 1 63 208 INV
1 1 63 209 INV
2 1 60 59 210 XOR
1 1 63 211 INV
1 1 63 212 INV
1 1 63 213 INV
2 1 63 0 214 XOR
2 1 63 5 215 XOR
2 1 63 8 216 XOR
1 1 63 217 INV
1 1 64 218 INV
2 1 63 9 219 XOR
1 1 63 220 INV
1 1 63 221 INV
1 1 65 222 INV
1 1 63 223 INV
1 1 63 224 INV
2 1 63 7 225 XOR
2 1 63 3 226 XOR
2 1 63 7 227 XOR
1 1 66 228 INV
1 1 67 229 INV
2 1 63 22 230 XOR
1 1 68 231 INV
1 1 69 232 INV
1 1 70 233 INV
1 1 63 234 INV
1 1 63 235 INV
2 1 63 18 236 XOR
2 1 63 28 237 XOR
2 1 63 18 238 XOR
2 1 63 20 239 XOR
2 1 63 32 240 XOR
2 1 63 30 241 XOR
2 1 63 31 242 XOR
2 1 63 33 243 XOR
1 1 63 244 INV
1 1 71 245 INV
1 1 63 246 INV
1 1 72 247 INV
1 1 63 248 INV
2 1 63 8 249 XOR
1 1 63 250 INV
1 1 73 251 INV
2 1 63 9 252 XOR
1 1 63 253 INV
1 1 63 254 INV
1 1 63 255 INV
1 1 74 256 INV
1 1 75 257 INV
1 1 63 258 INV
1 1 76 259 INV
2 1 63 7 260 XOR
1 1 77 261 INV
1 1 78 262 INV
2 1 63 22 263 XOR
1 1 79 264 INV
1 1 80 265 INV
1 1 81 266 INV
1 1 63 267 INV
1 1 63 268 INV
2 1 63 20 269 XOR
2 1 63 22 270 XOR
2 1 63 18 271 XOR
2 1 63 20 272 XOR
2 1 63 32 273 XOR
2 1 63 30 274 XOR
2 1 63 31 275 XOR
2 1 63 33 276 XOR
1 1 82 277 INV
1 1 83 278 INV
1 1 84 279 INV
1 1 85 280 INV
1 1 86 281 INV
1 1 87 282 INV
1 1 88 283 INV
1 1 89 284 INV
1 1 90 285 INV
1 1 91 286 INV
1 1 92 287 INV
1 1 93 288 INV
1 1 94 289 INV
1 1 95 290 INV
1 1 96 291 INV
1 1 97 292 INV
1 1 98 293 INV
1 1 99 294 INV
1 1 100 295 INV
1 1 101 296 INV
1 1 102 297 INV
1 1 103 298 INV
1 1 104 299 INV
1 1 105 300 INV
1 1 106 301 INV
1 1 107 302 INV
1 1 108 303 INV
1 1 109 304 INV
1 1 110 305 INV
1 1 111 306 INV
1 1 112 307 INV
1 1 113 308 INV
1 1 114 309 INV
1 1 115 310 INV
1 1 116 311 INV
1 1 117 312 INV
1 1 118 313 INV
1 1 119 314 INV
1 1 120 315 INV
1 1 121 316 INV
1 1 122 317 INV
1 1 123 318 INV
1 1 124 319 INV
1 1 125 320 INV
1 1 126 321 INV
1 1 127 322 INV
1 1 128 323 INV
1 1 129 324 INV
1 1 130 325 INV
1 1 131 326 INV
1 1 132 327 INV
1 1 133 328 INV
1 1 134 329 INV
1 1 135 330 INV
1 1 136 331 INV
1 1 137 332 INV
1 1 138 333 INV
1 1 139 334 INV
1 1 140 335 INV
1 1 141 336 INV
1 1 142 337 INV
1 1 143 338 INV
1 1 144 339 INV
1 1 145 340 INV
1 1 146 341 INV
1 1 147 342 INV
1 1 148 343 INV
1 1 149 344 INV
1 1 150 345 INV
1 1 151 346 INV
1 1 152 347 INV
1 1 153 348 INV
1 1 154 349 INV
1 1 155 350 INV
1 1 156 351 INV
1 1 157 352 INV
1 1 158 353 INV
1 1 159 354 INV
1 1 160 355 INV
1 1 161 356 INV
1 1 162 357 INV
1 1 163 358 INV
1 1 164 359 INV
1 1 165 360 INV
1 1 166 361 INV
1 1 167 362 INV
1 1 168 363 INV
1 1 169 364 INV
1 1 170 365 INV
1 1 171 366 INV
1 1 172 367 INV
1 1 173 368 INV
1 1 174 369 INV
1 1 175 370 INV
1 1 176 371 INV
1 1 177 372 INV
1 1 178 373 INV
1 1 179 374 INV
1 1 180 375 INV
1 1 181 376 INV
1 1 182 377 INV
1 1 183 378 INV
1 1 184 379 INV
1 1 185 380 INV
1 1 186 381 INV
1 1 187 382 INV
1 1 188 383 INV
1 1 189 384 INV
1 1 190 385 INV
1 1 191 386 INV
1 1 192 387 INV
1 1 193 388 INV
1 1 194 389 INV
1 1 195 390 INV
1 1 196 391 INV
1 1 197 392 INV
1 1 198 393 INV
1 1 199 394 INV
1 1 200 395 INV
1 1 201 396 INV
1 1 202 397 INV
1 1 203 398 INV
1 1 204 399 INV
1 1 205 400 INV
1 1 206 401 INV
1 1 207 402 INV
1 1 208 403 INV
1 1 209 404 INV