34 50
2 8 8
1 8
2 1 7 15 16 AND
2 1 6 14 17 XOR
2 1 6 14 18 AND
2 1 17 16 19 AND
2 1 18 19 20 LOR
2 1 5 13 21 XOR
2 1 5 13 22 AND
2 1 21 20 23 AND
2 1 22 23 24 LOR
2 1 4 12 25 XOR
2 1 4 12 26 AND
2 1 25 24 27 AND
2 1 26 27 28 LOR
2 1 3 11 29 XOR
2 1 3 11 30 AND
2 1 29 28 31 AND
2 1 30 31 32 LOR
2 1 2 10 33 XOR
2 1 2 10 34 AND
2 1 33 32 35 AND
2 1 34 35 36 LOR
2 1 1 9 37 XOR
2 1 1 9 38 AND
2 1 37 36 39 AND
2 1 38 39 40 LOR
2 1 0 8 41 XOR
2 1 41 40 42 XOR
2 1 37 36 43 XOR
2 1 33 32 44 XOR
2 1 29 28 45 XOR
2 1 25 24 46 XOR
2 1 21 20 47 XOR
2 1 17 16 48 XOR
2 1 7 15 49 XOR