2091 2155
1 64
1 64
1 1 0 64 INV
1 1 64 65 INV
1 1 1 66 INV
2 1 65 66 67 AND
1 1 2 68 INV
2 1 67 68 69 AND
1 1 0 70 INV
1 1 1 71 INV
1 1 71 72 INV
2 1 70 72 73 AND
1 1 2 74 INV
2 1 73 74 75 AND
1 1 0 76 INV
1 1 76 77 INV
1 1 1 78 INV
1 1 78 79 INV
2 1 77 79 80 AND
1 1 2 81 INV
2 1 80 81 82 AND
2 1 75 82 83 XOR
2 1 69 75 84 XOR
1 1 0 85 INV
1 1 1 86 INV
2 1 85 86 87 AND
1 1 2 88 INV
1 1 88 89 INV
2 1 87 89 90 AND
1 1 0 91 INV
1 1 91 92 INV
1 1 1 93 INV
2 1 92 93 94 AND
1 1 2 95 INV
1 1 95 96 INV
2 1 94 96 97 AND
2 1 90 97 98 XOR
1 1 0 99 INV
1 1 1 100 INV
1 1 100 101 INV
2 1 99 101 102 AND
1 1 2 103 INV
1 1 103 104 INV
2 1 102 104 105 AND
1 1 0 106 INV
1 1 106 107 INV
1 1 1 108 INV
1 1 108 109 INV
2 1 107 109 110 AND
1 1 2 111 INV
1 1 111 112 INV
2 1 110 112 113 AND
2 1 90 105 114 XOR
2 1 90 113 115 XOR
2 1 98 105 116 XOR
2 1 84 114 117 XOR
2 1 83 115 118 XOR
2 1 82 116 119 XOR
2 1 117 118 120 XOR
2 1 120 119 121 XOR
2 1 121 3 122 XOR
2 1 122 4 123 XOR
2 1 123 6 124 XOR
2 1 124 10 125 XOR
2 1 125 11 126 XOR
2 1 126 12 127 XOR
2 1 127 14 128 XOR
2 1 128 16 129 XOR
2 1 129 18 130 XOR
2 1 130 19 131 XOR
2 1 131 21 132 XOR
2 1 132 22 133 XOR
2 1 133 24 134 XOR
2 1 134 26 135 XOR
2 1 135 28 136 XOR
2 1 136 29 137 XOR
2 1 137 30 138 XOR
2 1 138 31 139 XOR
2 1 139 33 140 XOR
2 1 140 35 141 XOR
2 1 141 36 142 XOR
2 1 142 38 143 XOR
2 1 143 40 144 XOR
2 1 144 48 145 XOR
2 1 145 50 146 XOR
2 1 146 55 147 XOR
2 1 147 57 148 XOR
2 1 148 58 149 XOR
2 1 149 59 150 XOR
2 1 150 60 151 XOR
2 1 151 61 152 XOR
2 1 117 118 153 XOR
2 1 153 3 154 XOR
2 1 154 5 155 XOR
2 1 155 6 156 XOR
2 1 156 8 157 XOR
2 1 157 12 158 XOR
2 1 158 13 159 XOR
2 1 159 16 160 XOR
2 1 160 18 161 XOR
2 1 161 21 162 XOR
2 1 162 23 163 XOR
2 1 163 24 164 XOR
2 1 164 27 165 XOR
2 1 165 29 166 XOR
2 1 166 30 167 XOR
2 1 167 31 168 XOR
2 1 168 39 169 XOR
2 1 169 41 170 XOR
2 1 170 43 171 XOR
2 1 171 47 172 XOR
2 1 172 49 173 XOR
2 1 173 51 174 XOR
2 1 174 55 175 XOR
2 1 175 56 176 XOR
2 1 176 57 177 XOR
2 1 177 60 178 XOR
2 1 178 61 179 XOR
2 1 117 9 180 XOR
2 1 180 11 181 XOR
2 1 181 12 182 XOR
2 1 182 13 183 XOR
2 1 183 19 184 XOR
2 1 184 20 185 XOR
2 1 185 21 186 XOR
2 1 186 24 187 XOR
2 1 187 25 188 XOR
2 1 188 27 189 XOR
2 1 189 29 190 XOR
2 1 190 31 191 XOR
2 1 191 34 192 XOR
2 1 192 36 193 XOR
2 1 193 37 194 XOR
2 1 194 38 195 XOR
2 1 195 42 196 XOR
2 1 196 43 197 XOR
2 1 197 44 198 XOR
2 1 198 45 199 XOR
2 1 199 48 200 XOR
2 1 200 50 201 XOR
2 1 201 51 202 XOR
2 1 202 53 203 XOR
2 1 203 54 204 XOR
2 1 204 56 205 XOR
2 1 205 57 206 XOR
2 1 206 58 207 XOR
2 1 207 59 208 XOR
2 1 208 60 209 XOR
2 1 209 61 210 XOR
2 1 117 3 211 XOR
2 1 211 5 212 XOR
2 1 212 7 213 XOR
2 1 213 10 214 XOR
2 1 214 12 215 XOR
2 1 215 16 216 XOR
2 1 216 17 217 XOR
2 1 217 19 218 XOR
2 1 218 21 219 XOR
2 1 219 22 220 XOR
2 1 220 25 221 XOR
2 1 221 26 222 XOR
2 1 222 28 223 XOR
2 1 223 29 224 XOR
2 1 224 30 225 XOR
2 1 225 32 226 XOR
2 1 226 33 227 XOR
2 1 227 35 228 XOR
2 1 228 36 229 XOR
2 1 229 37 230 XOR
2 1 230 40 231 XOR
2 1 231 42 232 XOR
2 1 232 44 233 XOR
2 1 233 46 234 XOR
2 1 234 47 235 XOR
2 1 235 48 236 XOR
2 1 236 49 237 XOR
2 1 237 50 238 XOR
2 1 238 51 239 XOR
2 1 239 53 240 XOR
2 1 240 56 241 XOR
2 1 241 58 242 XOR
2 1 242 59 243 XOR
2 1 118 3 244 XOR
2 1 244 5 245 XOR
2 1 245 6 246 XOR
2 1 246 8 247 XOR
2 1 247 9 248 XOR
2 1 248 10 249 XOR
2 1 249 12 250 XOR
2 1 250 13 251 XOR
2 1 251 16 252 XOR
2 1 252 17 253 XOR
2 1 253 18 254 XOR
2 1 254 19 255 XOR
2 1 255 22 256 XOR
2 1 256 23 257 XOR
2 1 257 27 258 XOR
2 1 258 28 259 XOR
2 1 259 30 260 XOR
2 1 260 31 261 XOR
2 1 261 33 262 XOR
2 1 262 35 263 XOR
2 1 263 36 264 XOR
2 1 264 37 265 XOR
2 1 265 41 266 XOR
2 1 266 42 267 XOR
2 1 267 44 268 XOR
2 1 268 45 269 XOR
2 1 269 46 270 XOR
2 1 270 48 271 XOR
2 1 271 49 272 XOR
2 1 272 50 273 XOR
2 1 273 54 274 XOR
2 1 274 57 275 XOR
2 1 275 61 276 XOR
2 1 4 5 277 XOR
2 1 277 6 278 XOR
2 1 278 7 279 XOR
2 1 279 8 280 XOR
2 1 280 10 281 XOR
2 1 281 11 282 XOR
2 1 282 13 283 XOR
2 1 283 14 284 XOR
2 1 284 19 285 XOR
2 1 285 20 286 XOR
2 1 286 24 287 XOR
2 1 287 30 288 XOR
2 1 288 31 289 XOR
2 1 289 32 290 XOR
2 1 290 33 291 XOR
2 1 291 39 292 XOR
2 1 292 40 293 XOR
2 1 293 41 294 XOR
2 1 294 42 295 XOR
2 1 295 44 296 XOR
2 1 296 45 297 XOR
2 1 297 46 298 XOR
2 1 298 47 299 XOR
2 1 299 50 300 XOR
2 1 300 51 301 XOR
2 1 301 57 302 XOR
2 1 302 60 303 XOR
2 1 119 3 304 XOR
2 1 304 4 305 XOR
2 1 305 5 306 XOR
2 1 306 7 307 XOR
2 1 307 12 308 XOR
2 1 308 14 309 XOR
2 1 309 17 310 XOR
2 1 310 18 311 XOR
2 1 311 19 312 XOR
2 1 312 21 313 XOR
2 1 313 22 314 XOR
2 1 314 25 315 XOR
2 1 315 26 316 XOR
2 1 316 29 317 XOR
2 1 317 31 318 XOR
2 1 318 34 319 XOR
2 1 319 36 320 XOR
2 1 320 38 321 XOR
2 1 321 40 322 XOR
2 1 322 43 323 XOR
2 1 323 44 324 XOR
2 1 324 45 325 XOR
2 1 325 46 326 XOR
2 1 326 47 327 XOR
2 1 327 48 328 XOR
2 1 328 49 329 XOR
2 1 329 50 330 XOR
2 1 330 51 331 XOR
2 1 331 56 332 XOR
2 1 332 58 333 XOR
2 1 333 61 334 XOR
2 1 334 62 335 XOR
2 1 335 63 336 XOR
2 1 118 119 337 XOR
2 1 337 8 338 XOR
2 1 338 10 339 XOR
2 1 339 14 340 XOR
2 1 340 15 341 XOR
2 1 341 17 342 XOR
2 1 342 18 343 XOR
2 1 343 20 344 XOR
2 1 344 22 345 XOR
2 1 345 26 346 XOR
2 1 346 27 347 XOR
2 1 347 31 348 XOR
2 1 348 32 349 XOR
2 1 349 33 350 XOR
2 1 350 35 351 XOR
2 1 351 38 352 XOR
2 1 352 40 353 XOR
2 1 353 43 354 XOR
2 1 354 44 355 XOR
2 1 355 45 356 XOR
2 1 356 48 357 XOR
2 1 357 49 358 XOR
2 1 358 57 359 XOR
2 1 359 58 360 XOR
2 1 360 62 361 XOR
2 1 361 63 362 XOR
2 1 117 118 363 XOR
2 1 363 119 364 XOR
2 1 364 3 365 XOR
2 1 365 6 366 XOR
2 1 366 7 367 XOR
2 1 367 10 368 XOR
2 1 368 11 369 XOR
2 1 369 12 370 XOR
2 1 370 15 371 XOR
2 1 371 18 372 XOR
2 1 372 19 373 XOR
2 1 373 20 374 XOR
2 1 374 21 375 XOR
2 1 375 22 376 XOR
2 1 376 23 377 XOR
2 1 377 26 378 XOR
2 1 378 28 379 XOR
2 1 379 29 380 XOR
2 1 380 31 381 XOR
2 1 381 33 382 XOR
2 1 382 35 383 XOR
2 1 383 36 384 XOR
2 1 384 38 385 XOR
2 1 385 41 386 XOR
2 1 386 43 387 XOR
2 1 387 44 388 XOR
2 1 388 45 389 XOR
2 1 389 47 390 XOR
2 1 390 49 391 XOR
2 1 391 50 392 XOR
2 1 392 52 393 XOR
2 1 393 53 394 XOR
2 1 394 55 395 XOR
2 1 395 57 396 XOR
2 1 396 58 397 XOR
2 1 397 59 398 XOR
2 1 398 60 399 XOR
2 1 118 119 400 XOR
2 1 400 3 401 XOR
2 1 401 5 402 XOR
2 1 402 6 403 XOR
2 1 403 7 404 XOR
2 1 404 11 405 XOR
2 1 405 13 406 XOR
2 1 406 15 407 XOR
2 1 407 18 408 XOR
2 1 408 21 409 XOR
2 1 409 23 410 XOR
2 1 410 24 411 XOR
2 1 411 27 412 XOR
2 1 412 28 413 XOR
2 1 413 33 414 XOR
2 1 414 34 415 XOR
2 1 415 35 416 XOR
2 1 416 36 417 XOR
2 1 417 38 418 XOR
2 1 418 39 419 XOR
2 1 419 42 420 XOR
2 1 420 44 421 XOR
2 1 421 46 422 XOR
2 1 422 48 423 XOR
2 1 423 49 424 XOR
2 1 424 50 425 XOR
2 1 425 51 426 XOR
2 1 426 57 427 XOR
2 1 427 58 428 XOR
2 1 428 59 429 XOR
2 1 429 61 430 XOR
2 1 430 62 431 XOR
2 1 117 118 432 XOR
2 1 432 3 433 XOR
2 1 433 5 434 XOR
2 1 434 6 435 XOR
2 1 435 11 436 XOR
2 1 436 15 437 XOR
2 1 437 17 438 XOR
2 1 438 18 439 XOR
2 1 439 19 440 XOR
2 1 440 20 441 XOR
2 1 441 22 442 XOR
2 1 442 27 443 XOR
2 1 443 29 444 XOR
2 1 444 30 445 XOR
2 1 445 32 446 XOR
2 1 446 36 447 XOR
2 1 447 37 448 XOR
2 1 448 38 449 XOR
2 1 449 39 450 XOR
2 1 450 42 451 XOR
2 1 451 43 452 XOR
2 1 452 44 453 XOR
2 1 453 46 454 XOR
2 1 454 48 455 XOR
2 1 455 51 456 XOR
2 1 456 52 457 XOR
2 1 457 56 458 XOR
2 1 458 57 459 XOR
2 1 459 61 460 XOR
2 1 119 3 461 XOR
2 1 461 4 462 XOR
2 1 462 5 463 XOR
2 1 463 6 464 XOR
2 1 464 8 465 XOR
2 1 465 10 466 XOR
2 1 466 11 467 XOR
2 1 467 12 468 XOR
2 1 468 13 469 XOR
2 1 469 15 470 XOR
2 1 470 20 471 XOR
2 1 471 22 472 XOR
2 1 472 23 473 XOR
2 1 473 26 474 XOR
2 1 474 27 475 XOR
2 1 475 28 476 XOR
2 1 476 29 477 XOR
2 1 477 30 478 XOR
2 1 478 36 479 XOR
2 1 479 37 480 XOR
2 1 480 39 481 XOR
2 1 481 43 482 XOR
2 1 482 46 483 XOR
2 1 483 47 484 XOR
2 1 484 48 485 XOR
2 1 485 53 486 XOR
2 1 486 57 487 XOR
2 1 487 61 488 XOR
2 1 5 8 489 XOR
2 1 489 9 490 XOR
2 1 490 12 491 XOR
2 1 491 13 492 XOR
2 1 492 17 493 XOR
2 1 493 19 494 XOR
2 1 494 22 495 XOR
2 1 495 29 496 XOR
2 1 496 31 497 XOR
2 1 497 32 498 XOR
2 1 498 33 499 XOR
2 1 499 34 500 XOR
2 1 500 38 501 XOR
2 1 501 40 502 XOR
2 1 502 42 503 XOR
2 1 503 43 504 XOR
2 1 504 44 505 XOR
2 1 505 45 506 XOR
2 1 506 46 507 XOR
2 1 507 47 508 XOR
2 1 508 48 509 XOR
2 1 509 50 510 XOR
2 1 510 51 511 XOR
2 1 511 52 512 XOR
2 1 512 53 513 XOR
2 1 513 54 514 XOR
2 1 514 56 515 XOR
2 1 515 59 516 XOR
2 1 516 61 517 XOR
2 1 517 62 518 XOR
2 1 518 63 519 XOR
2 1 117 119 520 XOR
2 1 520 6 521 XOR
2 1 521 7 522 XOR
2 1 522 9 523 XOR
2 1 523 10 524 XOR
2 1 524 14 525 XOR
2 1 525 15 526 XOR
2 1 526 16 527 XOR
2 1 527 18 528 XOR
2 1 528 19 529 XOR
2 1 529 20 530 XOR
2 1 530 24 531 XOR
2 1 531 25 532 XOR
2 1 532 26 533 XOR
2 1 533 28 534 XOR
2 1 534 29 535 XOR
2 1 535 32 536 XOR
2 1 536 33 537 XOR
2 1 537 34 538 XOR
2 1 538 35 539 XOR
2 1 539 36 540 XOR
2 1 540 40 541 XOR
2 1 541 44 542 XOR
2 1 542 45 543 XOR
2 1 543 48 544 XOR
2 1 544 49 545 XOR
2 1 545 52 546 XOR
2 1 546 53 547 XOR
2 1 547 54 548 XOR
2 1 548 55 549 XOR
2 1 549 59 550 XOR
2 1 550 60 551 XOR
2 1 551 61 552 XOR
2 1 552 62 553 XOR
2 1 117 118 554 XOR
2 1 554 119 555 XOR
2 1 555 4 556 XOR
2 1 556 5 557 XOR
2 1 557 6 558 XOR
2 1 558 7 559 XOR
2 1 559 8 560 XOR
2 1 560 9 561 XOR
2 1 561 10 562 XOR
2 1 562 11 563 XOR
2 1 563 13 564 XOR
2 1 564 15 565 XOR
2 1 565 21 566 XOR
2 1 566 24 567 XOR
2 1 567 25 568 XOR
2 1 568 26 569 XOR
2 1 569 29 570 XOR
2 1 570 32 571 XOR
2 1 571 35 572 XOR
2 1 572 36 573 XOR
2 1 573 37 574 XOR
2 1 574 39 575 XOR
2 1 575 40 576 XOR
2 1 576 41 577 XOR
2 1 577 43 578 XOR
2 1 578 44 579 XOR
2 1 579 48 580 XOR
2 1 580 49 581 XOR
2 1 581 50 582 XOR
2 1 582 51 583 XOR
2 1 583 53 584 XOR
2 1 584 54 585 XOR
2 1 585 55 586 XOR
2 1 586 56 587 XOR
2 1 587 58 588 XOR
2 1 588 59 589 XOR
2 1 589 62 590 XOR
2 1 117 118 591 XOR
2 1 591 119 592 XOR
2 1 592 4 593 XOR
2 1 593 5 594 XOR
2 1 594 6 595 XOR
2 1 595 9 596 XOR
2 1 596 10 597 XOR
2 1 597 11 598 XOR
2 1 598 12 599 XOR
2 1 599 13 600 XOR
2 1 600 22 601 XOR
2 1 601 23 602 XOR
2 1 602 26 603 XOR
2 1 603 28 604 XOR
2 1 604 30 605 XOR
2 1 605 32 606 XOR
2 1 606 34 607 XOR
2 1 607 36 608 XOR
2 1 608 38 609 XOR
2 1 609 39 610 XOR
2 1 610 41 611 XOR
2 1 611 43 612 XOR
2 1 612 46 613 XOR
2 1 613 47 614 XOR
2 1 614 51 615 XOR
2 1 615 54 616 XOR
2 1 616 58 617 XOR
2 1 617 59 618 XOR
2 1 618 60 619 XOR
2 1 619 62 620 XOR
2 1 117 119 621 XOR
2 1 621 3 622 XOR
2 1 622 6 623 XOR
2 1 623 7 624 XOR
2 1 624 8 625 XOR
2 1 625 9 626 XOR
2 1 626 10 627 XOR
2 1 627 12 628 XOR
2 1 628 13 629 XOR
2 1 629 15 630 XOR
2 1 630 18 631 XOR
2 1 631 20 632 XOR
2 1 632 21 633 XOR
2 1 633 22 634 XOR
2 1 634 26 635 XOR
2 1 635 27 636 XOR
2 1 636 29 637 XOR
2 1 637 31 638 XOR
2 1 638 32 639 XOR
2 1 639 33 640 XOR
2 1 640 34 641 XOR
2 1 641 36 642 XOR
2 1 642 37 643 XOR
2 1 643 38 644 XOR
2 1 644 40 645 XOR
2 1 645 42 646 XOR
2 1 646 44 647 XOR
2 1 647 45 648 XOR
2 1 648 46 649 XOR
2 1 649 52 650 XOR
2 1 650 53 651 XOR
2 1 651 55 652 XOR
2 1 652 56 653 XOR
2 1 653 58 654 XOR
2 1 654 59 655 XOR
2 1 655 60 656 XOR
2 1 118 6 657 XOR
2 1 657 7 658 XOR
2 1 658 8 659 XOR
2 1 659 9 660 XOR
2 1 660 10 661 XOR
2 1 661 11 662 XOR
2 1 662 13 663 XOR
2 1 663 15 664 XOR
2 1 664 18 665 XOR
2 1 665 19 666 XOR
2 1 666 20 667 XOR
2 1 667 21 668 XOR
2 1 668 23 669 XOR
2 1 669 24 670 XOR
2 1 670 26 671 XOR
2 1 671 29 672 XOR
2 1 672 34 673 XOR
2 1 673 38 674 XOR
2 1 674 39 675 XOR
2 1 675 40 676 XOR
2 1 676 42 677 XOR
2 1 677 43 678 XOR
2 1 678 46 679 XOR
2 1 679 47 680 XOR
2 1 680 49 681 XOR
2 1 681 50 682 XOR
2 1 682 51 683 XOR
2 1 683 52 684 XOR
2 1 684 55 685 XOR
2 1 685 58 686 XOR
2 1 119 3 687 XOR
2 1 687 5 688 XOR
2 1 688 6 689 XOR
2 1 689 9 690 XOR
2 1 690 11 691 XOR
2 1 691 12 692 XOR
2 1 692 14 693 XOR
2 1 693 15 694 XOR
2 1 694 19 695 XOR
2 1 695 22 696 XOR
2 1 696 23 697 XOR
2 1 697 25 698 XOR
2 1 698 27 699 XOR
2 1 699 29 700 XOR
2 1 700 30 701 XOR
2 1 701 33 702 XOR
2 1 702 34 703 XOR
2 1 703 35 704 XOR
2 1 704 36 705 XOR
2 1 705 37 706 XOR
2 1 706 39 707 XOR
2 1 707 40 708 XOR
2 1 708 44 709 XOR
2 1 709 45 710 XOR
2 1 710 46 711 XOR
2 1 711 47 712 XOR
2 1 712 49 713 XOR
2 1 713 50 714 XOR
2 1 714 51 715 XOR
2 1 715 52 716 XOR
2 1 716 56 717 XOR
2 1 717 57 718 XOR
2 1 718 58 719 XOR
2 1 719 59 720 XOR
2 1 4 5 721 XOR
2 1 721 6 722 XOR
2 1 722 7 723 XOR
2 1 723 9 724 XOR
2 1 724 10 725 XOR
2 1 725 11 726 XOR
2 1 726 13 727 XOR
2 1 727 16 728 XOR
2 1 728 17 729 XOR
2 1 729 19 730 XOR
2 1 730 20 731 XOR
2 1 731 21 732 XOR
2 1 732 22 733 XOR
2 1 733 23 734 XOR
2 1 734 26 735 XOR
2 1 735 30 736 XOR
2 1 736 32 737 XOR
2 1 737 33 738 XOR
2 1 738 34 739 XOR
2 1 739 37 740 XOR
2 1 740 38 741 XOR
2 1 741 40 742 XOR
2 1 742 42 743 XOR
2 1 743 43 744 XOR
2 1 744 51 745 XOR
2 1 745 52 746 XOR
2 1 746 58 747 XOR
2 1 747 59 748 XOR
2 1 748 60 749 XOR
2 1 749 61 750 XOR
2 1 117 9 751 XOR
2 1 751 10 752 XOR
2 1 752 12 753 XOR
2 1 753 13 754 XOR
2 1 754 14 755 XOR
2 1 755 16 756 XOR
2 1 756 19 757 XOR
2 1 757 20 758 XOR
2 1 758 21 759 XOR
2 1 759 25 760 XOR
2 1 760 26 761 XOR
2 1 761 28 762 XOR
2 1 762 31 763 XOR
2 1 763 32 764 XOR
2 1 764 33 765 XOR
2 1 765 37 766 XOR
2 1 766 38 767 XOR
2 1 767 46 768 XOR
2 1 768 49 769 XOR
2 1 769 51 770 XOR
2 1 770 52 771 XOR
2 1 771 53 772 XOR
2 1 772 54 773 XOR
2 1 773 57 774 XOR
2 1 774 58 775 XOR
2 1 775 59 776 XOR
2 1 117 119 777 XOR
2 1 777 3 778 XOR
2 1 778 4 779 XOR
2 1 779 5 780 XOR
2 1 780 6 781 XOR
2 1 781 7 782 XOR
2 1 782 8 783 XOR
2 1 783 9 784 XOR
2 1 784 10 785 XOR
2 1 785 17 786 XOR
2 1 786 18 787 XOR
2 1 787 19 788 XOR
2 1 788 20 789 XOR
2 1 789 21 790 XOR
2 1 790 26 791 XOR
2 1 791 27 792 XOR
2 1 792 30 793 XOR
2 1 793 32 794 XOR
2 1 794 33 795 XOR
2 1 795 36 796 XOR
2 1 796 38 797 XOR
2 1 797 39 798 XOR
2 1 798 40 799 XOR
2 1 799 44 800 XOR
2 1 800 45 801 XOR
2 1 801 46 802 XOR
2 1 802 47 803 XOR
2 1 803 48 804 XOR
2 1 804 51 805 XOR
2 1 805 52 806 XOR
2 1 806 58 807 XOR
2 1 807 59 808 XOR
2 1 808 61 809 XOR
2 1 117 118 810 XOR
2 1 810 119 811 XOR
2 1 811 3 812 XOR
2 1 812 4 813 XOR
2 1 813 5 814 XOR
2 1 814 6 815 XOR
2 1 815 7 816 XOR
2 1 816 8 817 XOR
2 1 817 9 818 XOR
2 1 818 10 819 XOR
2 1 819 13 820 XOR
2 1 820 18 821 XOR
2 1 821 20 822 XOR
2 1 822 22 823 XOR
2 1 823 23 824 XOR
2 1 824 26 825 XOR
2 1 825 27 826 XOR
2 1 826 28 827 XOR
2 1 827 31 828 XOR
2 1 828 32 829 XOR
2 1 829 33 830 XOR
2 1 830 34 831 XOR
2 1 831 35 832 XOR
2 1 832 37 833 XOR
2 1 833 38 834 XOR
2 1 834 41 835 XOR
2 1 835 43 836 XOR
2 1 836 44 837 XOR
2 1 837 45 838 XOR
2 1 838 46 839 XOR
2 1 839 47 840 XOR
2 1 840 53 841 XOR
2 1 841 54 842 XOR
2 1 842 58 843 XOR
2 1 843 59 844 XOR
2 1 844 60 845 XOR
2 1 845 61 846 XOR
2 1 118 119 847 XOR
2 1 847 5 848 XOR
2 1 848 14 849 XOR
2 1 849 15 850 XOR
2 1 850 16 851 XOR
2 1 851 18 852 XOR
2 1 852 19 853 XOR
2 1 853 21 854 XOR
2 1 854 22 855 XOR
2 1 855 26 856 XOR
2 1 856 30 857 XOR
2 1 857 31 858 XOR
2 1 858 32 859 XOR
2 1 859 33 860 XOR
2 1 860 37 861 XOR
2 1 861 38 862 XOR
2 1 862 41 863 XOR
2 1 863 42 864 XOR
2 1 864 43 865 XOR
2 1 865 44 866 XOR
2 1 866 45 867 XOR
2 1 867 49 868 XOR
2 1 868 50 869 XOR
2 1 869 51 870 XOR
2 1 870 52 871 XOR
2 1 871 53 872 XOR
2 1 872 54 873 XOR
2 1 873 55 874 XOR
2 1 874 56 875 XOR
2 1 875 58 876 XOR
2 1 876 59 877 XOR
2 1 877 60 878 XOR
2 1 117 4 879 XOR
2 1 879 5 880 XOR
2 1 880 7 881 XOR
2 1 881 10 882 XOR
2 1 882 14 883 XOR
2 1 883 15 884 XOR
2 1 884 16 885 XOR
2 1 885 18 886 XOR
2 1 886 19 887 XOR
2 1 887 21 888 XOR
2 1 888 22 889 XOR
2 1 889 24 890 XOR
2 1 890 25 891 XOR
2 1 891 27 892 XOR
2 1 892 29 893 XOR
2 1 893 32 894 XOR
2 1 894 34 895 XOR
2 1 895 35 896 XOR
2 1 896 36 897 XOR
2 1 897 37 898 XOR
2 1 898 39 899 XOR
2 1 899 40 900 XOR
2 1 900 44 901 XOR
2 1 901 45 902 XOR
2 1 902 49 903 XOR
2 1 903 51 904 XOR
2 1 904 52 905 XOR
2 1 905 55 906 XOR
2 1 117 118 907 XOR
2 1 907 119 908 XOR
2 1 908 5 909 XOR
2 1 909 6 910 XOR
2 1 910 7 911 XOR
2 1 911 9 912 XOR
2 1 912 13 913 XOR
2 1 913 15 914 XOR
2 1 914 16 915 XOR
2 1 915 18 916 XOR
2 1 916 19 917 XOR
2 1 917 21 918 XOR
2 1 918 22 919 XOR
2 1 919 25 920 XOR
2 1 920 26 921 XOR
2 1 921 30 922 XOR
2 1 922 33 923 XOR
2 1 923 34 924 XOR
2 1 924 35 925 XOR
2 1 925 36 926 XOR
2 1 926 37 927 XOR
2 1 927 41 928 XOR
2 1 928 42 929 XOR
2 1 929 44 930 XOR
2 1 930 47 931 XOR
2 1 931 49 932 XOR
2 1 932 50 933 XOR
2 1 933 51 934 XOR
2 1 934 55 935 XOR
2 1 935 57 936 XOR
2 1 936 58 937 XOR
2 1 937 61 938 XOR
2 1 119 3 939 XOR
2 1 939 7 940 XOR
2 1 940 10 941 XOR
2 1 941 11 942 XOR
2 1 942 12 943 XOR
2 1 943 14 944 XOR
2 1 944 15 945 XOR
2 1 945 18 946 XOR
2 1 946 22 947 XOR
2 1 947 23 948 XOR
2 1 948 24 949 XOR
2 1 949 25 950 XOR
2 1 950 29 951 XOR
2 1 951 30 952 XOR
2 1 952 31 953 XOR
2 1 953 36 954 XOR
2 1 954 39 955 XOR
2 1 955 40 956 XOR
2 1 956 41 957 XOR
2 1 957 45 958 XOR
2 1 958 48 959 XOR
2 1 959 49 960 XOR
2 1 960 50 961 XOR
2 1 961 52 962 XOR
2 1 962 53 963 XOR
2 1 963 56 964 XOR
2 1 964 57 965 XOR
2 1 965 58 966 XOR
2 1 966 63 967 XOR
2 1 119 4 968 XOR
2 1 968 5 969 XOR
2 1 969 7 970 XOR
2 1 970 9 971 XOR
2 1 971 10 972 XOR
2 1 972 12 973 XOR
2 1 973 14 974 XOR
2 1 974 15 975 XOR
2 1 975 17 976 XOR
2 1 976 18 977 XOR
2 1 977 19 978 XOR
2 1 978 21 979 XOR
2 1 979 22 980 XOR
2 1 980 24 981 XOR
2 1 981 25 982 XOR
2 1 982 27 983 XOR
2 1 983 28 984 XOR
2 1 984 31 985 XOR
2 1 985 32 986 XOR
2 1 986 34 987 XOR
2 1 987 35 988 XOR
2 1 988 36 989 XOR
2 1 989 37 990 XOR
2 1 990 38 991 XOR
2 1 991 40 992 XOR
2 1 992 41 993 XOR
2 1 993 44 994 XOR
2 1 994 45 995 XOR
2 1 995 47 996 XOR
2 1 996 48 997 XOR
2 1 997 49 998 XOR
2 1 998 51 999 XOR
2 1 999 52 1000 XOR
2 1 1000 53 1001 XOR
2 1 1001 54 1002 XOR
2 1 1002 55 1003 XOR
2 1 1003 57 1004 XOR
2 1 1004 59 1005 XOR
2 1 117 118 1006 XOR
2 1 1006 3 1007 XOR
2 1 1007 7 1008 XOR
2 1 1008 8 1009 XOR
2 1 1009 9 1010 XOR
2 1 1010 13 1011 XOR
2 1 1011 14 1012 XOR
2 1 1012 15 1013 XOR
2 1 1013 17 1014 XOR
2 1 1014 25 1015 XOR
2 1 1015 26 1016 XOR
2 1 1016 28 1017 XOR
2 1 1017 29 1018 XOR
2 1 1018 30 1019 XOR
2 1 1019 34 1020 XOR
2 1 1020 35 1021 XOR
2 1 1021 36 1022 XOR
2 1 1022 38 1023 XOR
2 1 1023 40 1024 XOR
2 1 1024 41 1025 XOR
2 1 1025 43 1026 XOR
2 1 1026 44 1027 XOR
2 1 1027 46 1028 XOR
2 1 1028 47 1029 XOR
2 1 1029 48 1030 XOR
2 1 1030 49 1031 XOR
2 1 1031 51 1032 XOR
2 1 1032 54 1033 XOR
2 1 1033 55 1034 XOR
2 1 1034 56 1035 XOR
2 1 1035 57 1036 XOR
2 1 1036 58 1037 XOR
2 1 1037 59 1038 XOR
2 1 1038 60 1039 XOR
2 1 1039 63 1040 XOR
2 1 117 4 1041 XOR
2 1 1041 7 1042 XOR
2 1 1042 8 1043 XOR
2 1 1043 9 1044 XOR
2 1 1044 10 1045 XOR
2 1 1045 11 1046 XOR
2 1 1046 12 1047 XOR
2 1 1047 17 1048 XOR
2 1 1048 18 1049 XOR
2 1 1049 20 1050 XOR
2 1 1050 23 1051 XOR
2 1 1051 26 1052 XOR
2 1 1052 27 1053 XOR
2 1 1053 29 1054 XOR
2 1 1054 31 1055 XOR
2 1 1055 37 1056 XOR
2 1 1056 44 1057 XOR
2 1 1057 47 1058 XOR
2 1 1058 49 1059 XOR
2 1 1059 51 1060 XOR
2 1 1060 54 1061 XOR
2 1 1061 56 1062 XOR
2 1 1062 57 1063 XOR
2 1 1063 58 1064 XOR
2 1 1064 60 1065 XOR
2 1 1065 63 1066 XOR
2 1 118 4 1067 XOR
2 1 1067 5 1068 XOR
2 1 1068 7 1069 XOR
2 1 1069 9 1070 XOR
2 1 1070 10 1071 XOR
2 1 1071 11 1072 XOR
2 1 1072 15 1073 XOR
2 1 1073 18 1074 XOR
2 1 1074 22 1075 XOR
2 1 1075 27 1076 XOR
2 1 1076 28 1077 XOR
2 1 1077 32 1078 XOR
2 1 1078 39 1079 XOR
2 1 1079 42 1080 XOR
2 1 1080 45 1081 XOR
2 1 1081 48 1082 XOR
2 1 1082 49 1083 XOR
2 1 1083 53 1084 XOR
2 1 1084 54 1085 XOR
2 1 1085 56 1086 XOR
2 1 1086 58 1087 XOR
2 1 1087 60 1088 XOR
2 1 1088 61 1089 XOR
2 1 119 6 1090 XOR
2 1 1090 7 1091 XOR
2 1 1091 9 1092 XOR
2 1 1092 10 1093 XOR
2 1 1093 11 1094 XOR
2 1 1094 12 1095 XOR
2 1 1095 13 1096 XOR
2 1 1096 19 1097 XOR
2 1 1097 24 1098 XOR
2 1 1098 25 1099 XOR
2 1 1099 26 1100 XOR
2 1 1100 27 1101 XOR
2 1 1101 31 1102 XOR
2 1 1102 33 1103 XOR
2 1 1103 34 1104 XOR
2 1 1104 35 1105 XOR
2 1 1105 36 1106 XOR
2 1 1106 37 1107 XOR
2 1 1107 39 1108 XOR
2 1 1108 43 1109 XOR
2 1 1109 44 1110 XOR
2 1 1110 45 1111 XOR
2 1 1111 47 1112 XOR
2 1 1112 49 1113 XOR
2 1 1113 50 1114 XOR
2 1 1114 51 1115 XOR
2 1 1115 52 1116 XOR
2 1 1116 54 1117 XOR
2 1 1117 58 1118 XOR
2 1 117 3 1119 XOR
2 1 1119 5 1120 XOR
2 1 1120 7 1121 XOR
2 1 1121 8 1122 XOR
2 1 1122 9 1123 XOR
2 1 1123 12 1124 XOR
2 1 1124 13 1125 XOR
2 1 1125 15 1126 XOR
2 1 1126 16 1127 XOR
2 1 1127 17 1128 XOR
2 1 1128 18 1129 XOR
2 1 1129 21 1130 XOR
2 1 1130 24 1131 XOR
2 1 1131 26 1132 XOR
2 1 1132 27 1133 XOR
2 1 1133 28 1134 XOR
2 1 1134 31 1135 XOR
2 1 1135 35 1136 XOR
2 1 1136 36 1137 XOR
2 1 1137 37 1138 XOR
2 1 1138 39 1139 XOR
2 1 1139 41 1140 XOR
2 1 1140 42 1141 XOR
2 1 1141 45 1142 XOR
2 1 1142 48 1143 XOR
2 1 1143 51 1144 XOR
2 1 1144 53 1145 XOR
2 1 1145 55 1146 XOR
2 1 1146 57 1147 XOR
2 1 1147 61 1148 XOR
2 1 3 5 1149 XOR
2 1 1149 8 1150 XOR
2 1 1150 11 1151 XOR
2 1 1151 14 1152 XOR
2 1 1152 16 1153 XOR
2 1 1153 17 1154 XOR
2 1 1154 19 1155 XOR
2 1 1155 20 1156 XOR
2 1 1156 21 1157 XOR
2 1 1157 24 1158 XOR
2 1 1158 25 1159 XOR
2 1 1159 26 1160 XOR
2 1 1160 30 1161 XOR
2 1 1161 32 1162 XOR
2 1 1162 33 1163 XOR
2 1 1163 36 1164 XOR
2 1 1164 37 1165 XOR
2 1 1165 39 1166 XOR
2 1 1166 40 1167 XOR
2 1 1167 41 1168 XOR
2 1 1168 43 1169 XOR
2 1 1169 45 1170 XOR
2 1 1170 47 1171 XOR
2 1 1171 50 1172 XOR
2 1 1172 54 1173 XOR
2 1 1173 55 1174 XOR
2 1 1174 56 1175 XOR
2 1 1175 59 1176 XOR
2 1 1176 61 1177 XOR
2 1 1177 63 1178 XOR
2 1 118 4 1179 XOR
2 1 1179 8 1180 XOR
2 1 1180 10 1181 XOR
2 1 1181 14 1182 XOR
2 1 1182 15 1183 XOR
2 1 1183 17 1184 XOR
2 1 1184 18 1185 XOR
2 1 1185 20 1186 XOR
2 1 1186 21 1187 XOR
2 1 1187 22 1188 XOR
2 1 1188 23 1189 XOR
2 1 1189 24 1190 XOR
2 1 1190 27 1191 XOR
2 1 1191 28 1192 XOR
2 1 1192 30 1193 XOR
2 1 1193 32 1194 XOR
2 1 1194 34 1195 XOR
2 1 1195 37 1196 XOR
2 1 1196 40 1197 XOR
2 1 1197 41 1198 XOR
2 1 1198 45 1199 XOR
2 1 1199 48 1200 XOR
2 1 1200 49 1201 XOR
2 1 1201 50 1202 XOR
2 1 1202 51 1203 XOR
2 1 1203 52 1204 XOR
2 1 1204 53 1205 XOR
2 1 1205 55 1206 XOR
2 1 1206 57 1207 XOR
2 1 1207 58 1208 XOR
2 1 1208 61 1209 XOR
2 1 1209 62 1210 XOR
2 1 117 118 1211 XOR
2 1 1211 119 1212 XOR
2 1 1212 3 1213 XOR
2 1 1213 4 1214 XOR
2 1 1214 6 1215 XOR
2 1 1215 7 1216 XOR
2 1 1216 8 1217 XOR
2 1 1217 12 1218 XOR
2 1 1218 15 1219 XOR
2 1 1219 16 1220 XOR
2 1 1220 19 1221 XOR
2 1 1221 20 1222 XOR
2 1 1222 22 1223 XOR
2 1 1223 23 1224 XOR
2 1 1224 25 1225 XOR
2 1 1225 26 1226 XOR
2 1 1226 29 1227 XOR
2 1 1227 30 1228 XOR
2 1 1228 31 1229 XOR
2 1 1229 32 1230 XOR
2 1 1230 37 1231 XOR
2 1 1231 40 1232 XOR
2 1 1232 45 1233 XOR
2 1 1233 47 1234 XOR
2 1 1234 52 1235 XOR
2 1 1235 53 1236 XOR
2 1 1236 54 1237 XOR
2 1 1237 55 1238 XOR
2 1 1238 57 1239 XOR
2 1 1239 60 1240 XOR
2 1 1240 61 1241 XOR
2 1 1241 62 1242 XOR
2 1 117 119 1243 XOR
2 1 1243 3 1244 XOR
2 1 1244 4 1245 XOR
2 1 1245 5 1246 XOR
2 1 1246 6 1247 XOR
2 1 1247 7 1248 XOR
2 1 1248 9 1249 XOR
2 1 1249 10 1250 XOR
2 1 1250 11 1251 XOR
2 1 1251 12 1252 XOR
2 1 1252 13 1253 XOR
2 1 1253 14 1254 XOR
2 1 1254 15 1255 XOR
2 1 1255 17 1256 XOR
2 1 1256 19 1257 XOR
2 1 1257 20 1258 XOR
2 1 1258 22 1259 XOR
2 1 1259 28 1260 XOR
2 1 1260 30 1261 XOR
2 1 1261 31 1262 XOR
2 1 1262 34 1263 XOR
2 1 1263 37 1264 XOR
2 1 1264 44 1265 XOR
2 1 1265 45 1266 XOR
2 1 1266 47 1267 XOR
2 1 1267 49 1268 XOR
2 1 1268 51 1269 XOR
2 1 1269 52 1270 XOR
2 1 1270 54 1271 XOR
2 1 118 3 1272 XOR
2 1 1272 7 1273 XOR
2 1 1273 10 1274 XOR
2 1 1274 16 1275 XOR
2 1 1275 20 1276 XOR
2 1 1276 21 1277 XOR
2 1 1277 26 1278 XOR
2 1 1278 29 1279 XOR
2 1 1279 30 1280 XOR
2 1 1280 32 1281 XOR
2 1 1281 34 1282 XOR
2 1 1282 35 1283 XOR
2 1 1283 37 1284 XOR
2 1 1284 38 1285 XOR
2 1 1285 40 1286 XOR
2 1 1286 42 1287 XOR
2 1 1287 43 1288 XOR
2 1 1288 44 1289 XOR
2 1 1289 49 1290 XOR
2 1 1290 51 1291 XOR
2 1 1291 56 1292 XOR
2 1 1292 57 1293 XOR
2 1 1293 59 1294 XOR
2 1 1294 60 1295 XOR
2 1 1295 61 1296 XOR
2 1 1296 62 1297 XOR
2 1 8 10 1298 XOR
2 1 1298 12 1299 XOR
2 1 1299 13 1300 XOR
2 1 1300 14 1301 XOR
2 1 1301 16 1302 XOR
2 1 1302 19 1303 XOR
2 1 1303 20 1304 XOR
2 1 1304 21 1305 XOR
2 1 1305 26 1306 XOR
2 1 1306 27 1307 XOR
2 1 1307 28 1308 XOR
2 1 1308 32 1309 XOR
2 1 1309 33 1310 XOR
2 1 1310 34 1311 XOR
2 1 1311 37 1312 XOR
2 1 1312 38 1313 XOR
2 1 1313 39 1314 XOR
2 1 1314 40 1315 XOR
2 1 1315 44 1316 XOR
2 1 1316 46 1317 XOR
2 1 1317 48 1318 XOR
2 1 1318 50 1319 XOR
2 1 1319 52 1320 XOR
2 1 1320 53 1321 XOR
2 1 1321 55 1322 XOR
2 1 1322 56 1323 XOR
2 1 1323 57 1324 XOR
2 1 1324 59 1325 XOR
2 1 1325 61 1326 XOR
2 1 119 3 1327 XOR
2 1 1327 4 1328 XOR
2 1 1328 7 1329 XOR
2 1 1329 8 1330 XOR
2 1 1330 15 1331 XOR
2 1 1331 17 1332 XOR
2 1 1332 18 1333 XOR
2 1 1333 20 1334 XOR
2 1 1334 21 1335 XOR
2 1 1335 23 1336 XOR
2 1 1336 24 1337 XOR
2 1 1337 25 1338 XOR
2 1 1338 29 1339 XOR
2 1 1339 31 1340 XOR
2 1 1340 33 1341 XOR
2 1 1341 34 1342 XOR
2 1 1342 36 1343 XOR
2 1 1343 37 1344 XOR
2 1 1344 39 1345 XOR
2 1 1345 43 1346 XOR
2 1 1346 46 1347 XOR
2 1 1347 50 1348 XOR
2 1 1348 52 1349 XOR
2 1 1349 57 1350 XOR
2 1 1350 59 1351 XOR
2 1 1351 61 1352 XOR
2 1 117 118 1353 XOR
2 1 1353 3 1354 XOR
2 1 1354 8 1355 XOR
2 1 1355 9 1356 XOR
2 1 1356 12 1357 XOR
2 1 1357 13 1358 XOR
2 1 1358 16 1359 XOR
2 1 1359 18 1360 XOR
2 1 1360 20 1361 XOR
2 1 1361 23 1362 XOR
2 1 1362 25 1363 XOR
2 1 1363 27 1364 XOR
2 1 1364 28 1365 XOR
2 1 1365 29 1366 XOR
2 1 1366 30 1367 XOR
2 1 1367 31 1368 XOR
2 1 1368 32 1369 XOR
2 1 1369 39 1370 XOR
2 1 1370 42 1371 XOR
2 1 1371 43 1372 XOR
2 1 1372 44 1373 XOR
2 1 1373 45 1374 XOR
2 1 1374 46 1375 XOR
2 1 1375 48 1376 XOR
2 1 1376 50 1377 XOR
2 1 1377 51 1378 XOR
2 1 1378 52 1379 XOR
2 1 1379 54 1380 XOR
2 1 1380 55 1381 XOR
2 1 1381 56 1382 XOR
2 1 1382 57 1383 XOR
2 1 1383 59 1384 XOR
2 1 1384 61 1385 XOR
2 1 3 11 1386 XOR
2 1 1386 14 1387 XOR
2 1 1387 19 1388 XOR
2 1 1388 21 1389 XOR
2 1 1389 26 1390 XOR
2 1 1390 27 1391 XOR
2 1 1391 28 1392 XOR
2 1 1392 29 1393 XOR
2 1 1393 37 1394 XOR
2 1 1394 39 1395 XOR
2 1 1395 40 1396 XOR
2 1 1396 41 1397 XOR
2 1 1397 45 1398 XOR
2 1 1398 46 1399 XOR
2 1 1399 47 1400 XOR
2 1 1400 50 1401 XOR
2 1 1401 51 1402 XOR
2 1 1402 52 1403 XOR
2 1 1403 53 1404 XOR
2 1 1404 54 1405 XOR
2 1 1405 58 1406 XOR
2 1 1406 59 1407 XOR
2 1 1407 61 1408 XOR
2 1 117 118 1409 XOR
2 1 1409 119 1410 XOR
2 1 1410 3 1411 XOR
2 1 1411 4 1412 XOR
2 1 1412 6 1413 XOR
2 1 1413 7 1414 XOR
2 1 1414 11 1415 XOR
2 1 1415 13 1416 XOR
2 1 1416 15 1417 XOR
2 1 1417 16 1418 XOR
2 1 1418 17 1419 XOR
2 1 1419 19 1420 XOR
2 1 1420 20 1421 XOR
2 1 1421 22 1422 XOR
2 1 1422 23 1423 XOR
2 1 1423 25 1424 XOR
2 1 1424 26 1425 XOR
2 1 1425 28 1426 XOR
2 1 1426 29 1427 XOR
2 1 1427 30 1428 XOR
2 1 1428 31 1429 XOR
2 1 1429 33 1430 XOR
2 1 1430 39 1431 XOR
2 1 1431 40 1432 XOR
2 1 1432 42 1433 XOR
2 1 1433 44 1434 XOR
2 1 1434 45 1435 XOR
2 1 1435 48 1436 XOR
2 1 1436 57 1437 XOR
2 1 1437 59 1438 XOR
2 1 119 4 1439 XOR
2 1 1439 6 1440 XOR
2 1 1440 7 1441 XOR
2 1 1441 11 1442 XOR
2 1 1442 12 1443 XOR
2 1 1443 14 1444 XOR
2 1 1444 15 1445 XOR
2 1 1445 17 1446 XOR
2 1 1446 20 1447 XOR
2 1 1447 22 1448 XOR
2 1 1448 27 1449 XOR
2 1 1449 29 1450 XOR
2 1 1450 31 1451 XOR
2 1 1451 34 1452 XOR
2 1 1452 35 1453 XOR
2 1 1453 36 1454 XOR
2 1 1454 37 1455 XOR
2 1 1455 40 1456 XOR
2 1 1456 41 1457 XOR
2 1 1457 43 1458 XOR
2 1 1458 45 1459 XOR
2 1 1459 51 1460 XOR
2 1 1460 52 1461 XOR
2 1 1461 54 1462 XOR
2 1 1462 55 1463 XOR
2 1 1463 56 1464 XOR
2 1 1464 57 1465 XOR
2 1 1465 60 1466 XOR
2 1 1466 61 1467 XOR
2 1 117 3 1468 XOR
2 1 1468 6 1469 XOR
2 1 1469 7 1470 XOR
2 1 1470 8 1471 XOR
2 1 1471 11 1472 XOR
2 1 1472 12 1473 XOR
2 1 1473 13 1474 XOR
2 1 1474 14 1475 XOR
2 1 1475 19 1476 XOR
2 1 1476 20 1477 XOR
2 1 1477 25 1478 XOR
2 1 1478 26 1479 XOR
2 1 1479 29 1480 XOR
2 1 1480 31 1481 XOR
2 1 1481 33 1482 XOR
2 1 1482 34 1483 XOR
2 1 1483 39 1484 XOR
2 1 1484 41 1485 XOR
2 1 1485 43 1486 XOR
2 1 1486 44 1487 XOR
2 1 1487 46 1488 XOR
2 1 1488 48 1489 XOR
2 1 1489 49 1490 XOR
2 1 1490 51 1491 XOR
2 1 1491 52 1492 XOR
2 1 1492 53 1493 XOR
2 1 1493 57 1494 XOR
2 1 1494 58 1495 XOR
2 1 1495 59 1496 XOR
2 1 1496 60 1497 XOR
2 1 1497 61 1498 XOR
2 1 1498 62 1499 XOR
2 1 118 4 1500 XOR
2 1 1500 6 1501 XOR
2 1 1501 8 1502 XOR
2 1 1502 9 1503 XOR
2 1 1503 10 1504 XOR
2 1 1504 13 1505 XOR
2 1 1505 14 1506 XOR
2 1 1506 16 1507 XOR
2 1 1507 17 1508 XOR
2 1 1508 18 1509 XOR
2 1 1509 21 1510 XOR
2 1 1510 22 1511 XOR
2 1 1511 23 1512 XOR
2 1 1512 25 1513 XOR
2 1 1513 27 1514 XOR
2 1 1514 28 1515 XOR
2 1 1515 30 1516 XOR
2 1 1516 33 1517 XOR
2 1 1517 35 1518 XOR
2 1 1518 36 1519 XOR
2 1 1519 37 1520 XOR
2 1 1520 38 1521 XOR
2 1 1521 39 1522 XOR
2 1 1522 42 1523 XOR
2 1 1523 45 1524 XOR
2 1 1524 46 1525 XOR
2 1 1525 48 1526 XOR
2 1 1526 49 1527 XOR
2 1 1527 52 1528 XOR
2 1 1528 56 1529 XOR
2 1 117 119 1530 XOR
2 1 1530 3 1531 XOR
2 1 1531 4 1532 XOR
2 1 1532 5 1533 XOR
2 1 1533 6 1534 XOR
2 1 1534 7 1535 XOR
2 1 1535 9 1536 XOR
2 1 1536 10 1537 XOR
2 1 1537 12 1538 XOR
2 1 1538 14 1539 XOR
2 1 1539 17 1540 XOR
2 1 1540 18 1541 XOR
2 1 1541 20 1542 XOR
2 1 1542 22 1543 XOR
2 1 1543 23 1544 XOR
2 1 1544 25 1545 XOR
2 1 1545 27 1546 XOR
2 1 1546 28 1547 XOR
2 1 1547 29 1548 XOR
2 1 1548 30 1549 XOR
2 1 1549 33 1550 XOR
2 1 1550 35 1551 XOR
2 1 1551 36 1552 XOR
2 1 1552 38 1553 XOR
2 1 1553 39 1554 XOR
2 1 1554 40 1555 XOR
2 1 1555 41 1556 XOR
2 1 1556 44 1557 XOR
2 1 1557 47 1558 XOR
2 1 1558 48 1559 XOR
2 1 1559 49 1560 XOR
2 1 1560 60 1561 XOR
2 1 1561 63 1562 XOR
2 1 119 4 1563 XOR
2 1 1563 6 1564 XOR
2 1 1564 7 1565 XOR
2 1 1565 9 1566 XOR
2 1 1566 10 1567 XOR
2 1 1567 11 1568 XOR
2 1 1568 14 1569 XOR
2 1 1569 15 1570 XOR
2 1 1570 19 1571 XOR
2 1 1571 20 1572 XOR
2 1 1572 21 1573 XOR
2 1 1573 22 1574 XOR
2 1 1574 24 1575 XOR
2 1 1575 29 1576 XOR
2 1 1576 30 1577 XOR
2 1 1577 32 1578 XOR
2 1 1578 35 1579 XOR
2 1 1579 36 1580 XOR
2 1 1580 37 1581 XOR
2 1 1581 39 1582 XOR
2 1 1582 41 1583 XOR
2 1 1583 43 1584 XOR
2 1 1584 46 1585 XOR
2 1 1585 47 1586 XOR
2 1 1586 48 1587 XOR
2 1 1587 50 1588 XOR
2 1 1588 51 1589 XOR
2 1 1589 53 1590 XOR
2 1 1590 57 1591 XOR
2 1 1591 58 1592 XOR
2 1 1592 62 1593 XOR
2 1 1593 63 1594 XOR
2 1 117 118 1595 XOR
2 1 1595 119 1596 XOR
2 1 1596 4 1597 XOR
2 1 1597 5 1598 XOR
2 1 1598 6 1599 XOR
2 1 1599 7 1600 XOR
2 1 1600 8 1601 XOR
2 1 1601 9 1602 XOR
2 1 1602 10 1603 XOR
2 1 1603 13 1604 XOR
2 1 1604 14 1605 XOR
2 1 1605 15 1606 XOR
2 1 1606 17 1607 XOR
2 1 1607 21 1608 XOR
2 1 1608 24 1609 XOR
2 1 1609 25 1610 XOR
2 1 1610 26 1611 XOR
2 1 1611 27 1612 XOR
2 1 1612 29 1613 XOR
2 1 1613 31 1614 XOR
2 1 1614 32 1615 XOR
2 1 1615 35 1616 XOR
2 1 1616 37 1617 XOR
2 1 1617 38 1618 XOR
2 1 1618 40 1619 XOR
2 1 1619 42 1620 XOR
2 1 1620 44 1621 XOR
2 1 1621 48 1622 XOR
2 1 1622 49 1623 XOR
2 1 1623 50 1624 XOR
2 1 1624 52 1625 XOR
2 1 1625 53 1626 XOR
2 1 1626 55 1627 XOR
2 1 1627 56 1628 XOR
2 1 1628 57 1629 XOR
2 1 1629 58 1630 XOR
2 1 1630 59 1631 XOR
2 1 1631 62 1632 XOR
2 1 118 119 1633 XOR
2 1 1633 4 1634 XOR
2 1 1634 6 1635 XOR
2 1 1635 8 1636 XOR
2 1 1636 10 1637 XOR
2 1 1637 12 1638 XOR
2 1 1638 14 1639 XOR
2 1 1639 15 1640 XOR
2 1 1640 18 1641 XOR
2 1 1641 19 1642 XOR
2 1 1642 20 1643 XOR
2 1 1643 21 1644 XOR
2 1 1644 22 1645 XOR
2 1 1645 26 1646 XOR
2 1 1646 27 1647 XOR
2 1 1647 30 1648 XOR
2 1 1648 33 1649 XOR
2 1 1649 34 1650 XOR
2 1 1650 36 1651 XOR
2 1 1651 37 1652 XOR
2 1 1652 38 1653 XOR
2 1 1653 39 1654 XOR
2 1 1654 40 1655 XOR
2 1 1655 41 1656 XOR
2 1 1656 43 1657 XOR
2 1 1657 44 1658 XOR
2 1 1658 45 1659 XOR
2 1 1659 47 1660 XOR
2 1 1660 49 1661 XOR
2 1 1661 50 1662 XOR
2 1 1662 52 1663 XOR
2 1 1663 53 1664 XOR
2 1 1664 57 1665 XOR
2 1 1665 58 1666 XOR
2 1 1666 60 1667 XOR
2 1 1667 61 1668 XOR
2 1 119 3 1669 XOR
2 1 1669 5 1670 XOR
2 1 1670 6 1671 XOR
2 1 1671 8 1672 XOR
2 1 1672 9 1673 XOR
2 1 1673 11 1674 XOR
2 1 1674 12 1675 XOR
2 1 1675 14 1676 XOR
2 1 1676 19 1677 XOR
2 1 1677 20 1678 XOR
2 1 1678 24 1679 XOR
2 1 1679 26 1680 XOR
2 1 1680 27 1681 XOR
2 1 1681 28 1682 XOR
2 1 1682 29 1683 XOR
2 1 1683 30 1684 XOR
2 1 1684 31 1685 XOR
2 1 1685 32 1686 XOR
2 1 1686 33 1687 XOR
2 1 1687 36 1688 XOR
2 1 1688 39 1689 XOR
2 1 1689 41 1690 XOR
2 1 1690 42 1691 XOR
2 1 1691 43 1692 XOR
2 1 1692 44 1693 XOR
2 1 1693 45 1694 XOR
2 1 1694 46 1695 XOR
2 1 1695 49 1696 XOR
2 1 1696 50 1697 XOR
2 1 1697 51 1698 XOR
2 1 1698 52 1699 XOR
2 1 1699 53 1700 XOR
2 1 1700 54 1701 XOR
2 1 1701 56 1702 XOR
2 1 1702 57 1703 XOR
2 1 1703 59 1704 XOR
2 1 1704 60 1705 XOR
2 1 3 4 1706 XOR
2 1 1706 7 1707 XOR
2 1 1707 9 1708 XOR
2 1 1708 10 1709 XOR
2 1 1709 11 1710 XOR
2 1 1710 15 1711 XOR
2 1 1711 16 1712 XOR
2 1 1712 19 1713 XOR
2 1 1713 21 1714 XOR
2 1 1714 24 1715 XOR
2 1 1715 29 1716 XOR
2 1 1716 32 1717 XOR
2 1 1717 33 1718 XOR
2 1 1718 39 1719 XOR
2 1 1719 42 1720 XOR
2 1 1720 43 1721 XOR
2 1 1721 44 1722 XOR
2 1 1722 45 1723 XOR
2 1 1723 46 1724 XOR
2 1 1724 52 1725 XOR
2 1 1725 53 1726 XOR
2 1 1726 57 1727 XOR
2 1 1727 58 1728 XOR
2 1 1728 59 1729 XOR
2 1 1729 60 1730 XOR
2 1 1730 61 1731 XOR
2 1 1731 62 1732 XOR
2 1 117 118 1733 XOR
2 1 1733 4 1734 XOR
2 1 1734 5 1735 XOR
2 1 1735 7 1736 XOR
2 1 1736 8 1737 XOR
2 1 1737 9 1738 XOR
2 1 1738 10 1739 XOR
2 1 1739 11 1740 XOR
2 1 1740 12 1741 XOR
2 1 1741 13 1742 XOR
2 1 1742 15 1743 XOR
2 1 1743 19 1744 XOR
2 1 1744 23 1745 XOR
2 1 1745 24 1746 XOR
2 1 1746 26 1747 XOR
2 1 1747 30 1748 XOR
2 1 1748 33 1749 XOR
2 1 1749 36 1750 XOR
2 1 1750 37 1751 XOR
2 1 1751 39 1752 XOR
2 1 1752 40 1753 XOR
2 1 1753 42 1754 XOR
2 1 1754 46 1755 XOR
2 1 1755 51 1756 XOR
2 1 1756 52 1757 XOR
2 1 1757 57 1758 XOR
2 1 1758 58 1759 XOR
2 1 1759 59 1760 XOR
2 1 3 5 1761 XOR
2 1 1761 8 1762 XOR
2 1 1762 9 1763 XOR
2 1 1763 10 1764 XOR
2 1 1764 13 1765 XOR
2 1 1765 15 1766 XOR
2 1 1766 16 1767 XOR
2 1 1767 22 1768 XOR
2 1 1768 23 1769 XOR
2 1 1769 24 1770 XOR
2 1 1770 25 1771 XOR
2 1 1771 30 1772 XOR
2 1 1772 31 1773 XOR
2 1 1773 32 1774 XOR
2 1 1774 33 1775 XOR
2 1 1775 35 1776 XOR
2 1 1776 37 1777 XOR
2 1 1777 39 1778 XOR
2 1 1778 40 1779 XOR
2 1 1779 41 1780 XOR
2 1 1780 44 1781 XOR
2 1 1781 45 1782 XOR
2 1 1782 46 1783 XOR
2 1 1783 50 1784 XOR
2 1 1784 52 1785 XOR
2 1 1785 53 1786 XOR
2 1 1786 54 1787 XOR
2 1 1787 55 1788 XOR
2 1 1788 57 1789 XOR
2 1 1789 58 1790 XOR
2 1 1790 60 1791 XOR
2 1 1791 61 1792 XOR
2 1 3 4 1793 XOR
2 1 1793 5 1794 XOR
2 1 1794 6 1795 XOR
2 1 1795 7 1796 XOR
2 1 1796 12 1797 XOR
2 1 1797 13 1798 XOR
2 1 1798 15 1799 XOR
2 1 1799 16 1800 XOR
2 1 1800 17 1801 XOR
2 1 1801 18 1802 XOR
2 1 1802 21 1803 XOR
2 1 1803 23 1804 XOR
2 1 1804 25 1805 XOR
2 1 1805 27 1806 XOR
2 1 1806 28 1807 XOR
2 1 1807 32 1808 XOR
2 1 1808 34 1809 XOR
2 1 1809 37 1810 XOR
2 1 1810 40 1811 XOR
2 1 1811 43 1812 XOR
2 1 1812 52 1813 XOR
2 1 1813 57 1814 XOR
2 1 1814 59 1815 XOR
2 1 1815 60 1816 XOR
2 1 1816 62 1817 XOR
2 1 118 4 1818 XOR
2 1 1818 5 1819 XOR
2 1 1819 9 1820 XOR
2 1 1820 13 1821 XOR
2 1 1821 15 1822 XOR
2 1 1822 17 1823 XOR
2 1 1823 18 1824 XOR
2 1 1824 20 1825 XOR
2 1 1825 22 1826 XOR
2 1 1826 23 1827 XOR
2 1 1827 24 1828 XOR
2 1 1828 25 1829 XOR
2 1 1829 26 1830 XOR
2 1 1830 29 1831 XOR
2 1 1831 30 1832 XOR
2 1 1832 31 1833 XOR
2 1 1833 32 1834 XOR
2 1 1834 33 1835 XOR
2 1 1835 35 1836 XOR
2 1 1836 37 1837 XOR
2 1 1837 39 1838 XOR
2 1 1838 42 1839 XOR
2 1 1839 45 1840 XOR
2 1 1840 48 1841 XOR
2 1 1841 50 1842 XOR
2 1 1842 51 1843 XOR
2 1 1843 53 1844 XOR
2 1 1844 55 1845 XOR
2 1 1845 56 1846 XOR
2 1 1846 60 1847 XOR
2 1 1847 62 1848 XOR
2 1 1848 63 1849 XOR
2 1 118 4 1850 XOR
2 1 1850 5 1851 XOR
2 1 1851 6 1852 XOR
2 1 1852 7 1853 XOR
2 1 1853 8 1854 XOR
2 1 1854 10 1855 XOR
2 1 1855 11 1856 XOR
2 1 1856 12 1857 XOR
2 1 1857 13 1858 XOR
2 1 1858 14 1859 XOR
2 1 1859 17 1860 XOR
2 1 1860 18 1861 XOR
2 1 1861 19 1862 XOR
2 1 1862 20 1863 XOR
2 1 1863 21 1864 XOR
2 1 1864 24 1865 XOR
2 1 1865 30 1866 XOR
2 1 1866 31 1867 XOR
2 1 1867 34 1868 XOR
2 1 1868 35 1869 XOR
2 1 1869 41 1870 XOR
2 1 1870 43 1871 XOR
2 1 1871 44 1872 XOR
2 1 1872 45 1873 XOR
2 1 1873 55 1874 XOR
2 1 1874 56 1875 XOR
2 1 118 119 1876 XOR
2 1 1876 6 1877 XOR
2 1 1877 7 1878 XOR
2 1 1878 8 1879 XOR
2 1 1879 9 1880 XOR
2 1 1880 11 1881 XOR
2 1 1881 13 1882 XOR
2 1 1882 15 1883 XOR
2 1 1883 18 1884 XOR
2 1 1884 21 1885 XOR
2 1 1885 23 1886 XOR
2 1 1886 24 1887 XOR
2 1 1887 26 1888 XOR
2 1 1888 27 1889 XOR
2 1 1889 29 1890 XOR
2 1 1890 30 1891 XOR
2 1 1891 31 1892 XOR
2 1 1892 32 1893 XOR
2 1 1893 35 1894 XOR
2 1 1894 36 1895 XOR
2 1 1895 37 1896 XOR
2 1 1896 38 1897 XOR
2 1 1897 39 1898 XOR
2 1 1898 40 1899 XOR
2 1 1899 41 1900 XOR
2 1 1900 42 1901 XOR
2 1 1901 45 1902 XOR
2 1 1902 48 1903 XOR
2 1 1903 50 1904 XOR
2 1 1904 51 1905 XOR
2 1 1905 52 1906 XOR
2 1 1906 53 1907 XOR
2 1 1907 54 1908 XOR
2 1 1908 57 1909 XOR
2 1 1909 59 1910 XOR
2 1 1910 61 1911 XOR
2 1 117 3 1912 XOR
2 1 1912 7 1913 XOR
2 1 1913 8 1914 XOR
2 1 1914 9 1915 XOR
2 1 1915 11 1916 XOR
2 1 1916 12 1917 XOR
2 1 1917 15 1918 XOR
2 1 1918 16 1919 XOR
2 1 1919 21 1920 XOR
2 1 1920 22 1921 XOR
2 1 1921 28 1922 XOR
2 1 1922 31 1923 XOR
2 1 1923 35 1924 XOR
2 1 1924 36 1925 XOR
2 1 1925 40 1926 XOR
2 1 1926 43 1927 XOR
2 1 1927 44 1928 XOR
2 1 1928 45 1929 XOR
2 1 1929 47 1930 XOR
2 1 1930 49 1931 XOR
2 1 1931 51 1932 XOR
2 1 1932 52 1933 XOR
2 1 1933 54 1934 XOR
2 1 1934 55 1935 XOR
2 1 1935 57 1936 XOR
2 1 1936 58 1937 XOR
2 1 1937 60 1938 XOR
2 1 1938 61 1939 XOR
2 1 1939 62 1940 XOR
2 1 1940 63 1941 XOR
2 1 117 119 1942 XOR
2 1 1942 4 1943 XOR
2 1 1943 5 1944 XOR
2 1 1944 6 1945 XOR
2 1 1945 9 1946 XOR
2 1 1946 13 1947 XOR
2 1 1947 14 1948 XOR
2 1 1948 15 1949 XOR
2 1 1949 18 1950 XOR
2 1 1950 21 1951 XOR
2 1 1951 22 1952 XOR
2 1 1952 24 1953 XOR
2 1 1953 26 1954 XOR
2 1 1954 27 1955 XOR
2 1 1955 28 1956 XOR
2 1 1956 35 1957 XOR
2 1 1957 36 1958 XOR
2 1 1958 38 1959 XOR
2 1 1959 39 1960 XOR
2 1 1960 40 1961 XOR
2 1 1961 42 1962 XOR
2 1 1962 43 1963 XOR
2 1 1963 45 1964 XOR
2 1 1964 47 1965 XOR
2 1 1965 48 1966 XOR
2 1 1966 49 1967 XOR
2 1 1967 54 1968 XOR
2 1 1968 55 1969 XOR
2 1 1969 59 1970 XOR
2 1 1970 62 1971 XOR
2 1 1971 63 1972 XOR
2 1 118 3 1973 XOR
2 1 1973 8 1974 XOR
2 1 1974 9 1975 XOR
2 1 1975 13 1976 XOR
2 1 1976 14 1977 XOR
2 1 1977 15 1978 XOR
2 1 1978 19 1979 XOR
2 1 1979 24 1980 XOR
2 1 1980 25 1981 XOR
2 1 1981 28 1982 XOR
2 1 1982 29 1983 XOR
2 1 1983 31 1984 XOR
2 1 1984 32 1985 XOR
2 1 1985 36 1986 XOR
2 1 1986 38 1987 XOR
2 1 1987 42 1988 XOR
2 1 1988 43 1989 XOR
2 1 1989 46 1990 XOR
2 1 1990 50 1991 XOR
2 1 1991 52 1992 XOR
2 1 1992 55 1993 XOR
2 1 1993 56 1994 XOR
2 1 1994 57 1995 XOR
2 1 1995 59 1996 XOR
2 1 1996 61 1997 XOR
2 1 1997 62 1998 XOR
2 1 118 119 1999 XOR
2 1 1999 5 2000 XOR
2 1 2000 6 2001 XOR
2 1 2001 7 2002 XOR
2 1 2002 8 2003 XOR
2 1 2003 9 2004 XOR
2 1 2004 10 2005 XOR
2 1 2005 14 2006 XOR
2 1 2006 15 2007 XOR
2 1 2007 16 2008 XOR
2 1 2008 18 2009 XOR
2 1 2009 21 2010 XOR
2 1 2010 22 2011 XOR
2 1 2011 23 2012 XOR
2 1 2012 24 2013 XOR
2 1 2013 27 2014 XOR
2 1 2014 29 2015 XOR
2 1 2015 31 2016 XOR
2 1 2016 32 2017 XOR
2 1 2017 33 2018 XOR
2 1 2018 35 2019 XOR
2 1 2019 37 2020 XOR
2 1 2020 38 2021 XOR
2 1 2021 39 2022 XOR
2 1 2022 41 2023 XOR
2 1 2023 43 2024 XOR
2 1 2024 45 2025 XOR
2 1 2025 47 2026 XOR
2 1 2026 49 2027 XOR
2 1 2027 51 2028 XOR
2 1 2028 57 2029 XOR
2 1 2029 59 2030 XOR
2 1 2030 60 2031 XOR
2 1 2031 61 2032 XOR
2 1 2032 62 2033 XOR
2 1 3 6 2034 XOR
2 1 2034 8 2035 XOR
2 1 2035 10 2036 XOR
2 1 2036 11 2037 XOR
2 1 2037 12 2038 XOR
2 1 2038 13 2039 XOR
2 1 2039 15 2040 XOR
2 1 2040 18 2041 XOR
2 1 2041 19 2042 XOR
2 1 2042 20 2043 XOR
2 1 2043 21 2044 XOR
2 1 2044 22 2045 XOR
2 1 2045 24 2046 XOR
2 1 2046 25 2047 XOR
2 1 2047 26 2048 XOR
2 1 2048 32 2049 XOR
2 1 2049 35 2050 XOR
2 1 2050 36 2051 XOR
2 1 2051 40 2052 XOR
2 1 2052 42 2053 XOR
2 1 2053 43 2054 XOR
2 1 2054 45 2055 XOR
2 1 2055 46 2056 XOR
2 1 2056 47 2057 XOR
2 1 2057 49 2058 XOR
2 1 2058 51 2059 XOR
2 1 2059 54 2060 XOR
2 1 2060 57 2061 XOR
2 1 2061 58 2062 XOR
2 1 2062 60 2063 XOR
2 1 2063 61 2064 XOR
2 1 3 5 2065 XOR
2 1 2065 7 2066 XOR
2 1 2066 8 2067 XOR
2 1 2067 9 2068 XOR
2 1 2068 10 2069 XOR
2 1 2069 12 2070 XOR
2 1 2070 15 2071 XOR
2 1 2071 21 2072 XOR
2 1 2072 24 2073 XOR
2 1 2073 25 2074 XOR
2 1 2074 26 2075 XOR
2 1 2075 30 2076 XOR
2 1 2076 31 2077 XOR
2 1 2077 32 2078 XOR
2 1 2078 35 2079 XOR
2 1 2079 37 2080 XOR
2 1 2080 38 2081 XOR
2 1 2081 39 2082 XOR
2 1 2082 45 2083 XOR
2 1 2083 46 2084 XOR
2 1 2084 50 2085 XOR
2 1 2085 53 2086 XOR
2 1 2086 55 2087 XOR
2 1 2087 56 2088 XOR
2 1 2088 58 2089 XOR
2 1 2089 62 2090 XOR
2 1 152 63 2091 XOR
1 1 179 2092 INV
2 1 210 62 2093 XOR
1 1 243 2094 INV
2 1 276 63 2095 XOR
1 1 303 2096 INV
1 1 336 2097 INV
1 1 362 2098 INV
2 1 399 63 2099 XOR
2 1 431 63 2100 XOR
2 1 460 62 2101 XOR
1 1 488 2102 INV
1 1 519 2103 INV
2 1 553 63 2104 XOR
2 1 590 63 2105 XOR
1 1 620 2106 INV
1 1 656 2107 INV
2 1 686 62 2108 XOR
2 1 720 60 2109 XOR
2 1 750 63 2110 XOR
2 1 776 60 2111 XOR
2 1 809 62 2112 XOR
2 1 846 63 2113 XOR
2 1 878 62 2114 XOR
2 1 906 63 2115 XOR
2 1 938 63 2116 XOR
1 1 967 2117 INV
2 1 1005 61 2118 XOR
1 1 1040 2119 INV
1 1 1066 2120 INV
2 1 1089 63 2121 XOR
2 1 1118 61 2122 XOR
1 1 1148 2123 INV
1 1 1178 2124 INV
1 1 1210 2125 INV
1 1 1242 2126 INV
2 1 1271 60 2127 XOR
1 1 1297 2128 INV
2 1 1326 63 2129 XOR
1 1 1352 2130 INV
1 1 1385 2131 INV
1 1 1408 2132 INV
2 1 1438 62 2133 XOR
2 1 1467 63 2134 XOR
2 1 1499 63 2135 XOR
2 1 1529 63 2136 XOR
1 1 1562 2137 INV
1 1 1594 2138 INV
2 1 1632 63 2139 XOR
2 1 1668 63 2140 XOR
2 1 1705 61 2141 XOR
2 1 1732 63 2142 XOR
2 1 1760 60 2143 XOR
1 1 1792 2144 INV
2 1 1817 63 2145 XOR
1 1 1849 2146 INV
2 1 1875 60 2147 XOR
2 1 1911 62 2148 XOR
1 1 1941 2149 INV
1 1 1972 2150 INV
1 1 1998 2151 INV
1 1 2033 2152 INV
1 1 2064 2153 INV
2 1 2090 63 2154 XOR