1296 1360
1 64
1 32
1 1 0 64 INV
1 1 1 65 INV
1 1 3 66 INV
1 1 4 67 INV
1 1 5 68 INV
1 1 68 69 INV
1 1 6 70 INV
1 1 7 71 INV
1 1 8 72 INV
1 1 72 73 INV
1 1 9 74 INV
1 1 10 75 INV
1 1 75 76 INV
1 1 11 77 INV
1 1 12 78 INV
1 1 13 79 INV
1 1 15 80 INV
1 1 80 81 INV
1 1 16 82 INV
1 1 82 83 INV
1 1 17 84 INV
1 1 18 85 INV
1 1 19 86 INV
1 1 20 87 INV
1 1 21 88 INV
1 1 22 89 INV
1 1 89 90 INV
1 1 23 91 INV
1 1 91 92 INV
1 1 24 93 INV
1 1 25 94 INV
1 1 26 95 INV
1 1 27 96 INV
1 1 96 97 INV
1 1 28 98 INV
1 1 29 99 INV
1 1 30 100 INV
1 1 100 101 INV
1 1 31 102 INV
1 1 102 103 INV
1 1 32 104 INV
1 1 34 105 INV
1 1 105 106 INV
1 1 35 107 INV
1 1 36 108 INV
1 1 37 109 INV
1 1 109 110 INV
1 1 38 111 INV
1 1 39 112 INV
1 1 41 113 INV
1 1 113 114 INV
1 1 42 115 INV
1 1 115 116 INV
1 1 46 117 INV
1 1 47 118 INV
1 1 48 119 INV
1 1 49 120 INV
1 1 50 121 INV
1 1 51 122 INV
1 1 122 123 INV
1 1 52 124 INV
1 1 53 125 INV
1 1 125 126 INV
1 1 54 127 INV
1 1 127 128 INV
1 1 55 129 INV
1 1 57 130 INV
1 1 58 131 INV
1 1 131 132 INV
1 1 59 133 INV
1 1 61 134 INV
1 1 62 135 INV
1 1 63 136 INV
1 1 136 137 INV
1 1 137 138 INV
1 1 138 139 INV
2 1 103 139 140 AND
1 1 140 141 INV
2 1 137 103 142 AND
2 1 141 142 143 XOR
2 1 103 139 144 AND
2 1 143 144 145 XOR
1 1 138 146 INV
2 1 146 103 147 XOR
1 1 138 148 INV
1 1 148 149 INV
2 1 149 103 150 XOR
2 1 101 135 151 XOR
2 1 101 145 152 XOR
1 1 147 153 INV
1 1 150 154 INV
2 1 135 145 155 XOR
1 1 150 156 INV
1 1 147 157 INV
1 1 154 158 INV
1 1 156 159 INV
2 1 152 153 160 XOR
2 1 160 158 161 XOR
2 1 155 157 162 XOR
2 1 162 159 163 XOR
2 1 152 163 164 AND
2 1 155 161 165 AND
2 1 164 165 166 XOR
2 1 161 163 167 AND
2 1 166 167 168 XOR
2 1 152 153 169 XOR
2 1 169 158 170 XOR
2 1 155 157 171 XOR
2 1 171 159 172 XOR
2 1 153 172 173 AND
1 1 173 174 INV
2 1 147 170 175 AND
2 1 174 175 176 XOR
2 1 152 153 177 XOR
2 1 177 158 178 XOR
2 1 155 157 179 XOR
2 1 179 159 180 XOR
2 1 154 180 181 AND
1 1 181 182 INV
2 1 156 178 183 AND
2 1 182 183 184 XOR
2 1 145 168 185 XOR
2 1 147 176 186 XOR
2 1 150 184 187 XOR
2 1 99 134 188 XOR
2 1 99 185 189 XOR
1 1 187 190 INV
2 1 134 185 191 XOR
1 1 187 192 INV
1 1 189 193 INV
1 1 191 194 INV
1 1 186 195 INV
1 1 190 196 INV
2 1 193 195 197 XOR
2 1 197 196 198 XOR
2 1 194 186 199 XOR
2 1 199 192 200 XOR
2 1 189 200 201 AND
2 1 191 198 202 AND
2 1 201 202 203 XOR
2 1 198 200 204 AND
2 1 203 204 205 XOR
2 1 193 195 206 XOR
2 1 206 196 207 XOR
2 1 194 186 208 XOR
2 1 208 192 209 XOR
2 1 186 209 210 AND
1 1 210 211 INV
2 1 186 207 212 AND
2 1 211 212 213 XOR
2 1 193 195 214 XOR
2 1 214 196 215 XOR
2 1 194 186 216 XOR
2 1 216 192 217 XOR
2 1 190 217 218 AND
2 1 192 215 219 AND
2 1 218 219 220 XOR
2 1 185 205 221 XOR
2 1 186 213 222 XOR
2 1 187 220 223 XOR
2 1 98 60 224 XOR
2 1 98 221 225 XOR
1 1 222 226 INV
2 1 60 221 227 XOR
1 1 225 228 INV
1 1 226 229 INV
1 1 223 230 INV
2 1 228 229 231 XOR
2 1 231 230 232 XOR
2 1 227 222 233 XOR
2 1 233 223 234 XOR
2 1 225 234 235 AND
1 1 235 236 INV
2 1 227 232 237 AND
2 1 236 237 238 XOR
2 1 232 234 239 AND
2 1 238 239 240 XOR
2 1 228 229 241 XOR
2 1 241 230 242 XOR
2 1 227 222 243 XOR
2 1 243 223 244 XOR
2 1 226 244 245 AND
1 1 245 246 INV
2 1 222 242 247 AND
2 1 246 247 248 XOR
2 1 228 229 249 XOR
2 1 249 230 250 XOR
2 1 227 222 251 XOR
2 1 251 223 252 XOR
2 1 223 252 253 AND
2 1 223 250 254 AND
2 1 253 254 255 XOR
2 1 221 240 256 XOR
2 1 222 248 257 XOR
2 1 223 255 258 XOR
2 1 97 133 259 XOR
2 1 97 256 260 XOR
1 1 257 261 INV
1 1 258 262 INV
2 1 133 256 263 XOR
1 1 258 264 INV
1 1 260 265 INV
1 1 261 266 INV
1 1 262 267 INV
2 1 265 266 268 XOR
2 1 268 267 269 XOR
2 1 263 257 270 XOR
2 1 270 264 271 XOR
2 1 260 271 272 AND
2 1 263 269 273 AND
2 1 272 273 274 XOR
2 1 269 271 275 AND
2 1 274 275 276 XOR
2 1 265 266 277 XOR
2 1 277 267 278 XOR
2 1 263 257 279 XOR
2 1 279 264 280 XOR
2 1 261 280 281 AND
1 1 281 282 INV
2 1 257 278 283 AND
2 1 282 283 284 XOR
2 1 265 266 285 XOR
2 1 285 267 286 XOR
2 1 263 257 287 XOR
2 1 287 264 288 XOR
2 1 262 288 289 AND
1 1 289 290 INV
2 1 264 286 291 AND
2 1 290 291 292 XOR
2 1 256 276 293 XOR
2 1 257 284 294 XOR
2 1 258 292 295 XOR
2 1 95 132 296 XOR
2 1 95 293 297 XOR
1 1 295 298 INV
2 1 132 293 299 XOR
1 1 294 300 INV
1 1 295 301 INV
1 1 300 302 INV
1 1 298 303 INV
1 1 301 304 INV
2 1 297 294 305 XOR
2 1 305 303 306 XOR
2 1 299 302 307 XOR
2 1 307 304 308 XOR
2 1 297 308 309 AND
2 1 299 306 310 AND
2 1 309 310 311 XOR
2 1 306 308 312 AND
2 1 311 312 313 XOR
2 1 297 294 314 XOR
2 1 314 303 315 XOR
2 1 299 302 316 XOR
2 1 316 304 317 XOR
2 1 294 317 318 AND
1 1 318 319 INV
2 1 300 315 320 AND
2 1 319 320 321 XOR
2 1 297 294 322 XOR
2 1 322 303 323 XOR
2 1 299 302 324 XOR
2 1 324 304 325 XOR
2 1 298 325 326 AND
1 1 326 327 INV
2 1 301 323 328 AND
2 1 327 328 329 XOR
2 1 293 313 330 XOR
2 1 294 321 331 XOR
2 1 295 329 332 XOR
2 1 94 130 333 XOR
2 1 94 330 334 XOR
1 1 332 335 INV
2 1 130 330 336 XOR
1 1 331 337 INV
1 1 336 338 INV
1 1 331 339 INV
1 1 337 340 INV
1 1 335 341 INV
1 1 332 342 INV
2 1 334 339 343 XOR
2 1 343 341 344 XOR
2 1 338 340 345 XOR
2 1 345 342 346 XOR
2 1 334 346 347 AND
2 1 336 344 348 AND
2 1 347 348 349 XOR
2 1 344 346 350 AND
2 1 349 350 351 XOR
2 1 334 339 352 XOR
2 1 352 341 353 XOR
2 1 338 340 354 XOR
2 1 354 342 355 XOR
2 1 331 355 356 AND
2 1 337 353 357 AND
2 1 356 357 358 XOR
2 1 334 339 359 XOR
2 1 359 341 360 XOR
2 1 338 340 361 XOR
2 1 361 342 362 XOR
2 1 335 362 363 AND
2 1 332 360 364 AND
2 1 363 364 365 XOR
2 1 330 351 366 XOR
2 1 331 358 367 XOR
2 1 332 365 368 XOR
2 1 93 56 369 XOR
2 1 93 366 370 XOR
1 1 368 371 INV
2 1 56 366 372 XOR
1 1 370 373 INV
1 1 372 374 INV
1 1 371 375 INV
1 1 368 376 INV
2 1 373 367 377 XOR
2 1 377 375 378 XOR
2 1 374 367 379 XOR
2 1 379 376 380 XOR
2 1 370 380 381 AND
1 1 381 382 INV
2 1 372 378 383 AND
2 1 382 383 384 XOR
2 1 378 380 385 AND
2 1 384 385 386 XOR
2 1 373 367 387 XOR
2 1 387 375 388 XOR
2 1 374 367 389 XOR
2 1 389 376 390 XOR
2 1 367 390 391 AND
1 1 391 392 INV
2 1 367 388 393 AND
2 1 392 393 394 XOR
2 1 373 367 395 XOR
2 1 395 375 396 XOR
2 1 374 367 397 XOR
2 1 397 376 398 XOR
2 1 371 398 399 AND
2 1 368 396 400 AND
2 1 399 400 401 XOR
2 1 366 386 402 XOR
2 1 367 394 403 XOR
2 1 368 401 404 XOR
2 1 92 129 405 XOR
2 1 92 402 406 XOR
1 1 403 407 INV
1 1 404 408 INV
2 1 129 402 409 XOR
1 1 404 410 INV
1 1 406 411 INV
1 1 403 412 INV
1 1 410 413 INV
2 1 411 407 414 XOR
2 1 414 408 415 XOR
2 1 409 412 416 XOR
2 1 416 413 417 XOR
2 1 406 417 418 AND
1 1 418 419 INV
2 1 409 415 420 AND
2 1 419 420 421 XOR
2 1 415 417 422 AND
2 1 421 422 423 XOR
2 1 411 407 424 XOR
2 1 424 408 425 XOR
2 1 409 412 426 XOR
2 1 426 413 427 XOR
2 1 407 427 428 AND
1 1 428 429 INV
2 1 403 425 430 AND
2 1 429 430 431 XOR
2 1 411 407 432 XOR
2 1 432 408 433 XOR
2 1 409 412 434 XOR
2 1 434 413 435 XOR
2 1 408 435 436 AND
2 1 410 433 437 AND
2 1 436 437 438 XOR
2 1 402 423 439 XOR
2 1 403 431 440 XOR
2 1 404 438 441 XOR
2 1 90 128 442 XOR
2 1 90 439 443 XOR
1 1 440 444 INV
1 1 441 445 INV
2 1 128 439 446 XOR
1 1 440 447 INV
1 1 441 448 INV
2 1 443 444 449 XOR
2 1 449 445 450 XOR
2 1 446 447 451 XOR
2 1 451 448 452 XOR
2 1 443 452 453 AND
1 1 453 454 INV
2 1 446 450 455 AND
2 1 454 455 456 XOR
2 1 450 452 457 AND
2 1 456 457 458 XOR
2 1 443 444 459 XOR
2 1 459 445 460 XOR
2 1 446 447 461 XOR
2 1 461 448 462 XOR
2 1 444 462 463 AND
2 1 447 460 464 AND
2 1 463 464 465 XOR
2 1 443 444 466 XOR
2 1 466 445 467 XOR
2 1 446 447 468 XOR
2 1 468 448 469 XOR
2 1 445 469 470 AND
1 1 470 471 INV
2 1 448 467 472 AND
2 1 471 472 473 XOR
2 1 439 458 474 XOR
2 1 440 465 475 XOR
2 1 441 473 476 XOR
2 1 88 126 477 XOR
2 1 88 474 478 XOR
1 1 475 479 INV
2 1 126 474 480 XOR
1 1 475 481 INV
1 1 476 482 INV
1 1 479 483 INV
1 1 482 484 INV
2 1 478 483 485 XOR
2 1 485 476 486 XOR
2 1 480 481 487 XOR
2 1 487 484 488 XOR
2 1 478 488 489 AND
2 1 480 486 490 AND
2 1 489 490 491 XOR
2 1 486 488 492 AND
2 1 491 492 493 XOR
2 1 478 483 494 XOR
2 1 494 476 495 XOR
2 1 480 481 496 XOR
2 1 496 484 497 XOR
2 1 479 497 498 AND
2 1 481 495 499 AND
2 1 498 499 500 XOR
2 1 478 483 501 XOR
2 1 501 476 502 XOR
2 1 480 481 503 XOR
2 1 503 484 504 XOR
2 1 476 504 505 AND
1 1 505 506 INV
2 1 482 502 507 AND
2 1 506 507 508 XOR
2 1 474 493 509 XOR
2 1 475 500 510 XOR
2 1 476 508 511 XOR
2 1 87 124 512 XOR
2 1 87 509 513 XOR
1 1 511 514 INV
2 1 124 509 515 XOR
1 1 511 516 INV
1 1 513 517 INV
1 1 515 518 INV
1 1 514 519 INV
2 1 517 510 520 XOR
2 1 520 519 521 XOR
2 1 518 510 522 XOR
2 1 522 516 523 XOR
2 1 513 523 524 AND
1 1 524 525 INV
2 1 515 521 526 AND
2 1 525 526 527 XOR
2 1 521 523 528 AND
2 1 527 528 529 XOR
2 1 517 510 530 XOR
2 1 530 519 531 XOR
2 1 518 510 532 XOR
2 1 532 516 533 XOR
2 1 510 533 534 AND
1 1 534 535 INV
2 1 510 531 536 AND
2 1 535 536 537 XOR
2 1 517 510 538 XOR
2 1 538 519 539 XOR
2 1 518 510 540 XOR
2 1 540 516 541 XOR
2 1 514 541 542 AND
2 1 516 539 543 AND
2 1 542 543 544 XOR
2 1 509 529 545 XOR
2 1 510 537 546 XOR
2 1 511 544 547 XOR
2 1 86 123 548 XOR
2 1 86 545 549 XOR
1 1 546 550 INV
2 1 123 545 551 XOR
1 1 546 552 INV
1 1 547 553 INV
1 1 550 554 INV
1 1 552 555 INV
1 1 547 556 INV
2 1 549 554 557 XOR
2 1 557 556 558 XOR
2 1 551 555 559 XOR
2 1 559 553 560 XOR
2 1 549 560 561 AND
1 1 561 562 INV
2 1 551 558 563 AND
2 1 562 563 564 XOR
2 1 558 560 565 AND
2 1 564 565 566 XOR
2 1 549 554 567 XOR
2 1 567 556 568 XOR
2 1 551 555 569 XOR
2 1 569 553 570 XOR
2 1 550 570 571 AND
2 1 552 568 572 AND
2 1 571 572 573 XOR
2 1 549 554 574 XOR
2 1 574 556 575 XOR
2 1 551 555 576 XOR
2 1 576 553 577 XOR
2 1 547 577 578 AND
1 1 578 579 INV
2 1 553 575 580 AND
2 1 579 580 581 XOR
2 1 545 566 582 XOR
2 1 546 573 583 XOR
2 1 547 581 584 XOR
2 1 85 121 585 XOR
2 1 85 582 586 XOR
1 1 583 587 INV
2 1 121 582 588 XOR
1 1 584 589 INV
1 1 588 590 INV
1 1 583 591 INV
1 1 584 592 INV
2 1 586 587 593 XOR
2 1 593 592 594 XOR
2 1 590 591 595 XOR
2 1 595 589 596 XOR
2 1 586 596 597 AND
2 1 588 594 598 AND
2 1 597 598 599 XOR
2 1 594 596 600 AND
2 1 599 600 601 XOR
2 1 586 587 602 XOR
2 1 602 592 603 XOR
2 1 590 591 604 XOR
2 1 604 589 605 XOR
2 1 587 605 606 AND
1 1 606 607 INV
2 1 583 603 608 AND
2 1 607 608 609 XOR
2 1 586 587 610 XOR
2 1 610 592 611 XOR
2 1 590 591 612 XOR
2 1 612 589 613 XOR
2 1 584 613 614 AND
1 1 614 615 INV
2 1 589 611 616 AND
2 1 615 616 617 XOR
2 1 582 601 618 XOR
2 1 583 609 619 XOR
2 1 584 617 620 XOR
2 1 84 120 621 XOR
2 1 84 618 622 XOR
1 1 620 623 INV
2 1 120 618 624 XOR
1 1 620 625 INV
1 1 624 626 INV
1 1 619 627 INV
1 1 625 628 INV
2 1 622 627 629 XOR
2 1 629 623 630 XOR
2 1 626 619 631 XOR
2 1 631 628 632 XOR
2 1 622 632 633 AND
2 1 624 630 634 AND
2 1 633 634 635 XOR
2 1 630 632 636 AND
2 1 635 636 637 XOR
2 1 622 627 638 XOR
2 1 638 623 639 XOR
2 1 626 619 640 XOR
2 1 640 628 641 XOR
2 1 619 641 642 AND
1 1 642 643 INV
2 1 619 639 644 AND
2 1 643 644 645 XOR
2 1 622 627 646 XOR
2 1 646 623 647 XOR
2 1 626 619 648 XOR
2 1 648 628 649 XOR
2 1 623 649 650 AND
1 1 650 651 INV
2 1 625 647 652 AND
2 1 651 652 653 XOR
2 1 618 637 654 XOR
2 1 619 645 655 XOR
2 1 620 653 656 XOR
2 1 83 119 657 XOR
2 1 83 654 658 XOR
1 1 655 659 INV
1 1 656 660 INV
2 1 119 654 661 XOR
1 1 655 662 INV
1 1 658 663 INV
2 1 663 659 664 XOR
2 1 664 660 665 XOR
2 1 661 662 666 XOR
2 1 666 656 667 XOR
2 1 658 667 668 AND
1 1 668 669 INV
2 1 661 665 670 AND
2 1 669 670 671 XOR
2 1 665 667 672 AND
2 1 671 672 673 XOR
2 1 663 659 674 XOR
2 1 674 660 675 XOR
2 1 661 662 676 XOR
2 1 676 656 677 XOR
2 1 659 677 678 AND
1 1 678 679 INV
2 1 662 675 680 AND
2 1 679 680 681 XOR
2 1 663 659 682 XOR
2 1 682 660 683 XOR
2 1 661 662 684 XOR
2 1 684 656 685 XOR
2 1 660 685 686 AND
2 1 656 683 687 AND
2 1 686 687 688 XOR
2 1 654 673 689 XOR
2 1 655 681 690 XOR
2 1 656 688 691 XOR
2 1 81 118 692 XOR
2 1 81 689 693 XOR
1 1 690 694 INV
1 1 691 695 INV
2 1 118 689 696 XOR
1 1 690 697 INV
1 1 693 698 INV
1 1 695 699 INV
2 1 698 694 700 XOR
2 1 700 699 701 XOR
2 1 696 697 702 XOR
2 1 702 691 703 XOR
2 1 693 703 704 AND
1 1 704 705 INV
2 1 696 701 706 AND
2 1 705 706 707 XOR
2 1 701 703 708 AND
2 1 707 708 709 XOR
2 1 698 694 710 XOR
2 1 710 699 711 XOR
2 1 696 697 712 XOR
2 1 712 691 713 XOR
2 1 694 713 714 AND
1 1 714 715 INV
2 1 697 711 716 AND
2 1 715 716 717 XOR
2 1 698 694 718 XOR
2 1 718 699 719 XOR
2 1 696 697 720 XOR
2 1 720 691 721 XOR
2 1 695 721 722 AND
2 1 691 719 723 AND
2 1 722 723 724 XOR
2 1 689 709 725 XOR
2 1 690 717 726 XOR
2 1 691 724 727 XOR
2 1 14 117 728 XOR
2 1 14 725 729 XOR
2 1 117 725 730 XOR
1 1 726 731 INV
1 1 729 732 INV
1 1 730 733 INV
1 1 727 734 INV
2 1 732 726 735 XOR
2 1 735 734 736 XOR
2 1 733 731 737 XOR
2 1 737 727 738 XOR
2 1 729 738 739 AND
2 1 730 736 740 AND
2 1 739 740 741 XOR
2 1 736 738 742 AND
2 1 741 742 743 XOR
2 1 732 726 744 XOR
2 1 744 734 745 XOR
2 1 733 731 746 XOR
2 1 746 727 747 XOR
2 1 726 747 748 AND
1 1 748 749 INV
2 1 731 745 750 AND
2 1 749 750 751 XOR
2 1 732 726 752 XOR
2 1 752 734 753 XOR
2 1 733 731 754 XOR
2 1 754 727 755 XOR
2 1 727 755 756 AND
1 1 756 757 INV
2 1 727 753 758 AND
2 1 757 758 759 XOR
2 1 725 743 760 XOR
2 1 726 751 761 XOR
2 1 727 759 762 XOR
2 1 79 45 763 XOR
2 1 79 760 764 XOR
1 1 762 765 INV
2 1 45 760 766 XOR
1 1 764 767 INV
1 1 766 768 INV
1 1 761 769 INV
1 1 765 770 INV
1 1 762 771 INV
2 1 767 769 772 XOR
2 1 772 770 773 XOR
2 1 768 761 774 XOR
2 1 774 771 775 XOR
2 1 764 775 776 AND
2 1 766 773 777 AND
2 1 776 777 778 XOR
2 1 773 775 779 AND
2 1 778 779 780 XOR
2 1 767 769 781 XOR
2 1 781 770 782 XOR
2 1 768 761 783 XOR
2 1 783 771 784 XOR
2 1 761 784 785 AND
2 1 761 782 786 AND
2 1 785 786 787 XOR
2 1 767 769 788 XOR
2 1 788 770 789 XOR
2 1 768 761 790 XOR
2 1 790 771 791 XOR
2 1 765 791 792 AND
2 1 762 789 793 AND
2 1 792 793 794 XOR
2 1 760 780 795 XOR
2 1 761 787 796 XOR
2 1 762 794 797 XOR
2 1 78 44 798 XOR
2 1 78 795 799 XOR
1 1 797 800 INV
2 1 44 795 801 XOR
1 1 799 802 INV
1 1 801 803 INV
1 1 796 804 INV
1 1 796 805 INV
1 1 800 806 INV
1 1 797 807 INV
2 1 802 804 808 XOR
2 1 808 806 809 XOR
2 1 803 805 810 XOR
2 1 810 807 811 XOR
2 1 799 811 812 AND
1 1 812 813 INV
2 1 801 809 814 AND
2 1 813 814 815 XOR
2 1 809 811 816 AND
2 1 815 816 817 XOR
2 1 802 804 818 XOR
2 1 818 806 819 XOR
2 1 803 805 820 XOR
2 1 820 807 821 XOR
2 1 796 821 822 AND
1 1 822 823 INV
2 1 796 819 824 AND
2 1 823 824 825 XOR
2 1 802 804 826 XOR
2 1 826 806 827 XOR
2 1 803 805 828 XOR
2 1 828 807 829 XOR
2 1 800 829 830 AND
1 1 830 831 INV
2 1 797 827 832 AND
2 1 831 832 833 XOR
2 1 795 817 834 XOR
2 1 796 825 835 XOR
2 1 797 833 836 XOR
2 1 77 43 837 XOR
2 1 77 834 838 XOR
1 1 836 839 INV
2 1 43 834 840 XOR
1 1 838 841 INV
1 1 835 842 INV
1 1 839 843 INV
1 1 836 844 INV
2 1 841 842 845 XOR
2 1 845 843 846 XOR
2 1 840 835 847 XOR
2 1 847 844 848 XOR
2 1 838 848 849 AND
2 1 840 846 850 AND
2 1 849 850 851 XOR
2 1 846 848 852 AND
2 1 851 852 853 XOR
2 1 841 842 854 XOR
2 1 854 843 855 XOR
2 1 840 835 856 XOR
2 1 856 844 857 XOR
2 1 835 857 858 AND
2 1 835 855 859 AND
2 1 858 859 860 XOR
2 1 841 842 861 XOR
2 1 861 843 862 XOR
2 1 840 835 863 XOR
2 1 863 844 864 XOR
2 1 839 864 865 AND
1 1 865 866 INV
2 1 836 862 867 AND
2 1 866 867 868 XOR
2 1 834 853 869 XOR
2 1 835 860 870 XOR
2 1 836 868 871 XOR
2 1 76 116 872 XOR
2 1 76 869 873 XOR
1 1 870 874 INV
1 1 871 875 INV
2 1 116 869 876 XOR
1 1 870 877 INV
1 1 871 878 INV
1 1 873 879 INV
1 1 876 880 INV
1 1 874 881 INV
1 1 877 882 INV
1 1 875 883 INV
1 1 878 884 INV
2 1 879 881 885 XOR
2 1 885 883 886 XOR
2 1 880 882 887 XOR
2 1 887 884 888 XOR
2 1 873 888 889 AND
2 1 876 886 890 AND
2 1 889 890 891 XOR
2 1 886 888 892 AND
2 1 891 892 893 XOR
2 1 879 881 894 XOR
2 1 894 883 895 XOR
2 1 880 882 896 XOR
2 1 896 884 897 XOR
2 1 874 897 898 AND
1 1 898 899 INV
2 1 877 895 900 AND
2 1 899 900 901 XOR
2 1 879 881 902 XOR
2 1 902 883 903 XOR
2 1 880 882 904 XOR
2 1 904 884 905 XOR
2 1 875 905 906 AND
2 1 878 903 907 AND
2 1 906 907 908 XOR
2 1 869 893 909 XOR
2 1 870 901 910 XOR
2 1 871 908 911 XOR
2 1 74 114 912 XOR
2 1 74 909 913 XOR
1 1 911 914 INV
2 1 114 909 915 XOR
1 1 910 916 INV
1 1 911 917 INV
1 1 910 918 INV
1 1 914 919 INV
1 1 917 920 INV
2 1 913 918 921 XOR
2 1 921 919 922 XOR
2 1 915 916 923 XOR
2 1 923 920 924 XOR
2 1 913 924 925 AND
1 1 925 926 INV
2 1 915 922 927 AND
2 1 926 927 928 XOR
2 1 922 924 929 AND
2 1 928 929 930 XOR
2 1 913 918 931 XOR
2 1 931 919 932 XOR
2 1 915 916 933 XOR
2 1 933 920 934 XOR
2 1 910 934 935 AND
1 1 935 936 INV
2 1 916 932 937 AND
2 1 936 937 938 XOR
2 1 913 918 939 XOR
2 1 939 919 940 XOR
2 1 915 916 941 XOR
2 1 941 920 942 XOR
2 1 914 942 943 AND
2 1 917 940 944 AND
2 1 943 944 945 XOR
2 1 909 930 946 XOR
2 1 910 938 947 XOR
2 1 911 945 948 XOR
2 1 73 40 949 XOR
2 1 73 946 950 XOR
1 1 947 951 INV
1 1 948 952 INV
2 1 40 946 953 XOR
1 1 953 954 INV
1 1 951 955 INV
1 1 952 956 INV
1 1 948 957 INV
2 1 950 955 958 XOR
2 1 958 956 959 XOR
2 1 954 947 960 XOR
2 1 960 957 961 XOR
2 1 950 961 962 AND
2 1 953 959 963 AND
2 1 962 963 964 XOR
2 1 959 961 965 AND
2 1 964 965 966 XOR
2 1 950 955 967 XOR
2 1 967 956 968 XOR
2 1 954 947 969 XOR
2 1 969 957 970 XOR
2 1 951 970 971 AND
2 1 947 968 972 AND
2 1 971 972 973 XOR
2 1 950 955 974 XOR
2 1 974 956 975 XOR
2 1 954 947 976 XOR
2 1 976 957 977 XOR
2 1 952 977 978 AND
2 1 948 975 979 AND
2 1 978 979 980 XOR
2 1 946 966 981 XOR
2 1 947 973 982 XOR
2 1 948 980 983 XOR
2 1 71 112 984 XOR
2 1 71 981 985 XOR
1 1 983 986 INV
2 1 112 981 987 XOR
1 1 982 988 INV
1 1 985 989 INV
1 1 982 990 INV
1 1 983 991 INV
2 1 989 990 992 XOR
2 1 992 986 993 XOR
2 1 987 988 994 XOR
2 1 994 991 995 XOR
2 1 985 995 996 AND
2 1 987 993 997 AND
2 1 996 997 998 XOR
2 1 993 995 999 AND
2 1 998 999 1000 XOR
2 1 989 990 1001 XOR
2 1 1001 986 1002 XOR
2 1 987 988 1003 XOR
2 1 1003 991 1004 XOR
2 1 982 1004 1005 AND
1 1 1005 1006 INV
2 1 988 1002 1007 AND
2 1 1006 1007 1008 XOR
2 1 989 990 1009 XOR
2 1 1009 986 1010 XOR
2 1 987 988 1011 XOR
2 1 1011 991 1012 XOR
2 1 986 1012 1013 AND
1 1 1013 1014 INV
2 1 983 1010 1015 AND
2 1 1014 1015 1016 XOR
2 1 981 1000 1017 XOR
2 1 982 1008 1018 XOR
2 1 983 1016 1019 XOR
2 1 70 111 1020 XOR
2 1 70 1017 1021 XOR
1 1 1019 1022 INV
2 1 111 1017 1023 XOR
1 1 1018 1024 INV
1 1 1021 1025 INV
1 1 1023 1026 INV
1 1 1022 1027 INV
2 1 1025 1018 1028 XOR
2 1 1028 1027 1029 XOR
2 1 1026 1024 1030 XOR
2 1 1030 1019 1031 XOR
2 1 1021 1031 1032 AND
2 1 1023 1029 1033 AND
2 1 1032 1033 1034 XOR
2 1 1029 1031 1035 AND
2 1 1034 1035 1036 XOR
2 1 1025 1018 1037 XOR
2 1 1037 1027 1038 XOR
2 1 1026 1024 1039 XOR
2 1 1039 1019 1040 XOR
2 1 1018 1040 1041 AND
2 1 1024 1038 1042 AND
2 1 1041 1042 1043 XOR
2 1 1025 1018 1044 XOR
2 1 1044 1027 1045 XOR
2 1 1026 1024 1046 XOR
2 1 1046 1019 1047 XOR
2 1 1022 1047 1048 AND
2 1 1019 1045 1049 AND
2 1 1048 1049 1050 XOR
2 1 1017 1036 1051 XOR
2 1 1018 1043 1052 XOR
2 1 1019 1050 1053 XOR
2 1 69 110 1054 XOR
2 1 69 1051 1055 XOR
1 1 1052 1056 INV
1 1 1053 1057 INV
2 1 110 1051 1058 XOR
1 1 1052 1059 INV
1 1 1053 1060 INV
1 1 1055 1061 INV
1 1 1058 1062 INV
1 1 1059 1063 INV
1 1 1057 1064 INV
1 1 1060 1065 INV
2 1 1061 1056 1066 XOR
2 1 1066 1064 1067 XOR
2 1 1062 1063 1068 XOR
2 1 1068 1065 1069 XOR
2 1 1055 1069 1070 AND
2 1 1058 1067 1071 AND
2 1 1070 1071 1072 XOR
2 1 1067 1069 1073 AND
2 1 1072 1073 1074 XOR
2 1 1061 1056 1075 XOR
2 1 1075 1064 1076 XOR
2 1 1062 1063 1077 XOR
2 1 1077 1065 1078 XOR
2 1 1056 1078 1079 AND
1 1 1079 1080 INV
2 1 1059 1076 1081 AND
2 1 1080 1081 1082 XOR
2 1 1061 1056 1083 XOR
2 1 1083 1064 1084 XOR
2 1 1062 1063 1085 XOR
2 1 1085 1065 1086 XOR
2 1 1057 1086 1087 AND
1 1 1087 1088 INV
2 1 1060 1084 1089 AND
2 1 1088 1089 1090 XOR
2 1 1051 1074 1091 XOR
2 1 1052 1082 1092 XOR
2 1 1053 1090 1093 XOR
2 1 67 108 1094 XOR
2 1 67 1091 1095 XOR
1 1 1093 1096 INV
2 1 108 1091 1097 XOR
1 1 1093 1098 INV
1 1 1095 1099 INV
1 1 1096 1100 INV
2 1 1099 1092 1101 XOR
2 1 1101 1100 1102 XOR
2 1 1097 1092 1103 XOR
2 1 1103 1098 1104 XOR
2 1 1095 1104 1105 AND
2 1 1097 1102 1106 AND
2 1 1105 1106 1107 XOR
2 1 1102 1104 1108 AND
2 1 1107 1108 1109 XOR
2 1 1099 1092 1110 XOR
2 1 1110 1100 1111 XOR
2 1 1097 1092 1112 XOR
2 1 1112 1098 1113 XOR
2 1 1092 1113 1114 AND
1 1 1114 1115 INV
2 1 1092 1111 1116 AND
2 1 1115 1116 1117 XOR
2 1 1099 1092 1118 XOR
2 1 1118 1100 1119 XOR
2 1 1097 1092 1120 XOR
2 1 1120 1098 1121 XOR
2 1 1096 1121 1122 AND
1 1 1122 1123 INV
2 1 1098 1119 1124 AND
2 1 1123 1124 1125 XOR
2 1 1091 1109 1126 XOR
2 1 1092 1117 1127 XOR
2 1 1093 1125 1128 XOR
2 1 66 107 1129 XOR
2 1 66 1126 1130 XOR
1 1 1127 1131 INV
2 1 107 1126 1132 XOR
1 1 1128 1133 INV
1 1 1131 1134 INV
2 1 1130 1134 1135 XOR
2 1 1135 1128 1136 XOR
2 1 1132 1127 1137 XOR
2 1 1137 1133 1138 XOR
2 1 1130 1138 1139 AND
1 1 1139 1140 INV
2 1 1132 1136 1141 AND
2 1 1140 1141 1142 XOR
2 1 1136 1138 1143 AND
2 1 1142 1143 1144 XOR
2 1 1130 1134 1145 XOR
2 1 1145 1128 1146 XOR
2 1 1132 1127 1147 XOR
2 1 1147 1133 1148 XOR
2 1 1131 1148 1149 AND
1 1 1149 1150 INV
2 1 1127 1146 1151 AND
2 1 1150 1151 1152 XOR
2 1 1130 1134 1153 XOR
2 1 1153 1128 1154 XOR
2 1 1132 1127 1155 XOR
2 1 1155 1133 1156 XOR
2 1 1128 1156 1157 AND
2 1 1133 1154 1158 AND
2 1 1157 1158 1159 XOR
2 1 1126 1144 1160 XOR
2 1 1127 1152 1161 XOR
2 1 1128 1159 1162 XOR
2 1 2 106 1163 XOR
2 1 2 1160 1164 XOR
2 1 106 1160 1165 XOR
1 1 1161 1166 INV
1 1 1162 1167 INV
1 1 1164 1168 INV
1 1 1165 1169 INV
1 1 1161 1170 INV
1 1 1166 1171 INV
2 1 1168 1170 1172 XOR
2 1 1172 1162 1173 XOR
2 1 1169 1171 1174 XOR
2 1 1174 1167 1175 XOR
2 1 1164 1175 1176 AND
1 1 1176 1177 INV
2 1 1165 1173 1178 AND
2 1 1177 1178 1179 XOR
2 1 1173 1175 1180 AND
2 1 1179 1180 1181 XOR
2 1 1168 1170 1182 XOR
2 1 1182 1162 1183 XOR
2 1 1169 1171 1184 XOR
2 1 1184 1167 1185 XOR
2 1 1161 1185 1186 AND
2 1 1166 1183 1187 AND
2 1 1186 1187 1188 XOR
2 1 1168 1170 1189 XOR
2 1 1189 1162 1190 XOR
2 1 1169 1171 1191 XOR
2 1 1191 1167 1192 XOR
2 1 1162 1192 1193 AND
1 1 1193 1194 INV
2 1 1167 1190 1195 AND
2 1 1194 1195 1196 XOR
2 1 1160 1181 1197 XOR
2 1 1161 1188 1198 XOR
2 1 1162 1196 1199 XOR
2 1 65 33 1200 XOR
2 1 65 1197 1201 XOR
1 1 1198 1202 INV
2 1 33 1197 1203 XOR
1 1 1199 1204 INV
2 1 1201 1202 1205 XOR
2 1 1205 1199 1206 XOR
2 1 1203 1198 1207 XOR
2 1 1207 1204 1208 XOR
2 1 1201 1208 1209 AND
1 1 1209 1210 INV
2 1 1203 1206 1211 AND
2 1 1210 1211 1212 XOR
2 1 1206 1208 1213 AND
2 1 1212 1213 1214 XOR
2 1 1201 1202 1215 XOR
2 1 1215 1199 1216 XOR
2 1 1203 1198 1217 XOR
2 1 1217 1204 1218 XOR
2 1 1202 1218 1219 AND
2 1 1198 1216 1220 AND
2 1 1219 1220 1221 XOR
2 1 1201 1202 1222 XOR
2 1 1222 1199 1223 XOR
2 1 1203 1198 1224 XOR
2 1 1224 1204 1225 XOR
2 1 1199 1225 1226 AND
1 1 1226 1227 INV
2 1 1199 1223 1228 AND
2 1 1227 1228 1229 XOR
2 1 1197 1214 1230 XOR
2 1 1198 1221 1231 XOR
2 1 1199 1229 1232 XOR
2 1 64 104 1233 XOR
2 1 1230 1233 1234 XOR
1 1 1231 1235 INV
1 1 1232 1236 INV
2 1 1197 1200 1237 XOR
1 1 1198 1238 INV
2 1 1160 1163 1239 XOR
1 1 1161 1240 INV
1 1 1162 1241 INV
2 1 1126 1129 1242 XOR
1 1 1127 1243 INV
1 1 1128 1244 INV
2 1 1091 1094 1245 XOR
2 1 1051 1054 1246 XOR
2 1 1017 1020 1247 XOR
1 1 1018 1248 INV
1 1 1019 1249 INV
2 1 981 984 1250 XOR
1 1 982 1251 INV
1 1 983 1252 INV
2 1 946 949 1253 XOR
1 1 947 1254 INV
1 1 948 1255 INV
2 1 909 912 1256 XOR
1 1 910 1257 INV
2 1 869 872 1258 XOR
2 1 834 837 1259 XOR
1 1 836 1260 INV
2 1 795 798 1261 XOR
1 1 797 1262 INV
2 1 760 763 1263 XOR
1 1 762 1264 INV
2 1 725 728 1265 XOR
1 1 726 1266 INV
2 1 689 692 1267 XOR
1 1 691 1268 INV
2 1 654 657 1269 XOR
1 1 656 1270 INV
2 1 618 621 1271 XOR
2 1 582 585 1272 XOR
1 1 583 1273 INV
1 1 584 1274 INV
2 1 545 548 1275 XOR
1 1 547 1276 INV
2 1 509 512 1277 XOR
2 1 474 477 1278 XOR
1 1 476 1279 INV
2 1 439 442 1280 XOR
2 1 402 405 1281 XOR
1 1 403 1282 INV
2 1 366 369 1283 XOR
1 1 368 1284 INV
2 1 330 333 1285 XOR
1 1 331 1286 INV
1 1 332 1287 INV
2 1 293 296 1288 XOR
1 1 294 1289 INV
2 1 256 259 1290 XOR
1 1 257 1291 INV
2 1 221 224 1292 XOR
1 1 222 1293 INV
2 1 185 188 1294 XOR
2 1 145 151 1295 XOR
1 1 147 1296 INV
2 1 1234 1235 1297 XOR
2 1 1237 1238 1298 XOR
2 1 1239 1240 1299 XOR
2 1 1242 1243 1300 XOR
2 1 1245 1092 1301 XOR
2 1 1246 1052 1302 XOR
2 1 1247 1248 1303 XOR
2 1 1250 1251 1304 XOR
2 1 1253 1254 1305 XOR
2 1 1256 1257 1306 XOR
2 1 1258 870 1307 XOR
2 1 1259 835 1308 XOR
2 1 1261 796 1309 XOR
2 1 1263 761 1310 XOR
2 1 1265 1266 1311 XOR
2 1 1267 690 1312 XOR
2 1 1269 655 1313 XOR
2 1 1271 619 1314 XOR
2 1 1272 1273 1315 XOR
2 1 1275 546 1316 XOR
2 1 1277 510 1317 XOR
2 1 1278 475 1318 XOR
2 1 1280 440 1319 XOR
2 1 1281 1282 1320 XOR
2 1 1283 367 1321 XOR
2 1 1285 1286 1322 XOR
2 1 1288 1289 1323 XOR
2 1 1290 1291 1324 XOR
2 1 1292 1293 1325 XOR
2 1 1294 186 1326 XOR
2 1 1295 1296 1327 XOR
2 1 1297 1236 1328 XOR
2 1 1298 1199 1329 XOR
2 1 1299 1241 1330 XOR
2 1 1300 1244 1331 XOR
2 1 1301 1093 1332 XOR
2 1 1302 1053 1333 XOR
2 1 1303 1249 1334 XOR
2 1 1304 1252 1335 XOR
2 1 1305 1255 1336 XOR
2 1 1306 911 1337 XOR
2 1 1307 871 1338 XOR
2 1 1308 1260 1339 XOR
2 1 1309 1262 1340 XOR
2 1 1310 1264 1341 XOR
2 1 1311 727 1342 XOR
2 1 1312 1268 1343 XOR
2 1 1313 1270 1344 XOR
2 1 1314 620 1345 XOR
2 1 1315 1274 1346 XOR
2 1 1316 1276 1347 XOR
2 1 1317 511 1348 XOR
2 1 1318 1279 1349 XOR
2 1 1319 441 1350 XOR
2 1 1320 404 1351 XOR
2 1 1321 1284 1352 XOR
2 1 1322 1287 1353 XOR
2 1 1323 295 1354 XOR
2 1 1324 258 1355 XOR
2 1 1325 223 1356 XOR
2 1 1326 187 1357 XOR
2 1 1327 150 1358 XOR
2 1 103 137 1359 XOR